2.000000e+00 1.930378e-16
3.000000e+00 2.670505e-16
4.000000e+00 3.402445e-16
5.000000e+00 4.127704e-16
6.000000e+00 4.847139e-16
7.000000e+00 5.561255e-16
8.000000e+00 6.270382e-16
9.000000e+00 6.974709e-16
1.000000e+01 7.674345e-16
1.100000e+01 8.369340e-16
1.200000e+01 9.059637e-16
1.300000e+01 9.745225e-16
1.400000e+01 1.042607e-15
1.500000e+01 1.110213e-15
1.600000e+01 1.177334e-15
1.700000e+01 1.243956e-15
1.800000e+01 1.310072e-15
1.900000e+01 1.375673e-15
2.000000e+01 1.440742e-15
2.100000e+01 1.505270e-15
2.200000e+01 1.569249e-15
2.300000e+01 1.632666e-15
2.400000e+01 1.695503e-15
2.500000e+01 1.757756e-15
2.600000e+01 1.819407e-15
2.700000e+01 1.880450e-15
2.800000e+01 1.940868e-15
2.900000e+01 2.000654e-15
3.000000e+01 2.059791e-15
3.100000e+01 2.118275e-15
3.200000e+01 2.176090e-15
3.300000e+01 2.233231e-15
3.400000e+01 2.289684e-15
3.500000e+01 2.345437e-15
3.600000e+01 2.400486e-15
3.700000e+01 2.454819e-15
3.800000e+01 2.508428e-15
3.900000e+01 2.561304e-15
4.000000e+01 2.613439e-15
4.100000e+01 2.664825e-15
4.200000e+01 2.715455e-15
4.300000e+01 2.765325e-15
4.400000e+01 2.814425e-15
4.500000e+01 2.862748e-15
4.600000e+01 2.910295e-15
4.700000e+01 2.957054e-15
4.800000e+01 3.003019e-15
4.900000e+01 3.048192e-15
5.000000e+01 3.092568e-15
5.100000e+01 3.136139e-15
5.200000e+01 3.178906e-15
5.300000e+01 3.220865e-15
5.400000e+01 3.262012e-15
5.500000e+01 3.302349e-15
5.600000e+01 3.341863e-15
5.700000e+01 3.380566e-15
5.800000e+01 3.418454e-15
5.900000e+01 3.455522e-15
6.000000e+01 3.491773e-15
6.100000e+01 3.527205e-15
6.200000e+01 3.561821e-15
6.300000e+01 3.595623e-15
6.400000e+01 3.628607e-15
6.500000e+01 3.660777e-15
6.600000e+01 3.692136e-15
6.700000e+01 3.722684e-15
6.800000e+01 3.752426e-15
6.900000e+01 3.781364e-15
7.000000e+01 3.809502e-15
7.100000e+01 3.836841e-15
7.200000e+01 3.863378e-15
7.300000e+01 3.889126e-15
7.400000e+01 3.914090e-15
7.500000e+01 3.938270e-15
7.600000e+01 3.961668e-15
7.700000e+01 3.984295e-15
7.800000e+01 4.006155e-15
7.900000e+01 4.027246e-15
8.000000e+01 4.047580e-15
8.100000e+01 4.067161e-15
8.200000e+01 4.085994e-15
8.300000e+01 4.104085e-15
8.400000e+01 4.121438e-15
8.500000e+01 4.138062e-15
8.600000e+01 4.153963e-15
8.700000e+01 4.169146e-15
8.800000e+01 4.183616e-15
8.900000e+01 4.197381e-15
9.000000e+01 4.210452e-15
9.100000e+01 4.222835e-15
9.200000e+01 4.234530e-15
9.300000e+01 4.245542e-15
9.400000e+01 4.255888e-15
9.500000e+01 4.265576e-15
9.600000e+01 4.274605e-15
9.700000e+01 4.282986e-15
9.800000e+01 4.290727e-15
9.900000e+01 4.297831e-15
1.000000e+02 4.304311e-15
