2.000000e+00 1.031176e-13 3.397730e-13 3.619379e-13 2.643467e-13 1.826053e-13 1.274437e-13 9.072072e-14 6.577542e-14
3.000000e+00 7.881981e-14 2.535215e-13 2.661857e-13 1.929371e-13 1.326478e-13 9.228599e-14 6.554782e-14 4.744632e-14
4.000000e+00 6.658195e-14 2.091680e-13 2.161528e-13 1.552655e-13 1.061336e-13 7.354461e-14 5.208483e-14 3.761906e-14
5.000000e+00 5.955698e-14 1.830640e-13 1.860968e-13 1.324542e-13 9.001348e-14 6.212295e-14 4.386727e-14 3.161422e-14
6.000000e+00 5.505176e-14 1.667906e-13 1.670662e-13 1.177753e-13 7.952172e-14 5.463146e-14 3.844810e-14 2.763910e-14
7.000000e+00 5.181988e-14 1.557673e-13 1.540925e-13 1.076842e-13 7.226414e-14 4.942733e-14 3.467238e-14 2.486335e-14
8.000000e+00 4.922389e-14 1.480039e-13 1.450655e-13 1.006047e-13 6.712721e-14 4.571579e-14 3.196268e-14 2.286104e-14
9.000000e+00 4.688276e-14 1.421433e-13 1.385270e-13 9.548952e-14 6.340331e-14 4.301362e-14 2.998240e-14 2.139333e-14
1.000000e+01 4.456525e-14 1.373960e-13 1.336659e-13 9.174412e-14 6.066903e-14 4.101777e-14 2.851095e-14 2.029666e-14
1.100000e+01 4.212043e-14 1.332132e-13 1.299255e-13 8.894585e-14 5.862583e-14 3.951591e-14 2.739576e-14 1.946104e-14
1.200000e+01 3.949994e-14 1.292751e-13 1.267434e-13 8.664154e-14 5.697398e-14 3.832082e-14 2.652074e-14 1.881286e-14
1.300000e+01 3.667351e-14 1.252659e-13 1.240093e-13 8.487198e-14 5.575692e-14 3.744307e-14 2.586987e-14 1.832308e-14
1.400000e+01 3.363643e-14 1.211096e-13 1.215258e-13 8.337877e-14 5.475595e-14 3.672734e-14 2.534107e-14 1.792491e-14
1.500000e+01 3.041849e-14 1.166882e-13 1.190947e-13 8.206877e-14 5.394702e-14 3.617647e-14 2.494437e-14 1.763009e-14
1.600000e+01 2.705327e-14 1.119008e-13 1.166832e-13 8.091238e-14 5.328411e-14 3.573934e-14 2.463321e-14 1.739960e-14
1.700000e+01 2.358696e-14 1.067347e-13 1.141431e-13 7.977117e-14 5.268531e-14 3.537583e-14 2.438969e-14 1.722641e-14
1.800000e+01 2.008680e-14 1.011586e-13 1.114045e-13 7.862991e-14 5.214248e-14 3.507061e-14 2.419450e-14 1.709091e-14
1.900000e+01 1.660951e-14 9.522891e-14 1.084924e-13 7.744007e-14 5.159603e-14 3.477908e-14 2.401881e-14 1.697537e-14
2.000000e+01 1.321474e-14 8.893871e-14 1.053536e-13 7.620382e-14 5.107293e-14 3.452689e-14 2.388003e-14 1.688997e-14
2.100000e+01 9.963722e-15 8.232148e-14 1.019390e-13 7.486453e-14 5.052486e-14 3.427883e-14 2.375539e-14 1.682111e-14
2.200000e+01 6.917468e-15 7.543834e-14 9.825895e-14 7.339926e-14 4.992426e-14 3.401171e-14 2.362660e-14 1.675444e-14
2.300000e+01 4.122490e-15 6.838033e-14 9.431865e-14 7.180805e-14 4.927734e-14 3.373119e-14 2.349672e-14 1.669071e-14
2.400000e+01 1.619709e-15 6.119602e-14 9.016457e-14 7.010259e-14 4.857696e-14 3.342748e-14 2.335823e-14 1.662548e-14
2.500000e+01 -5.554643e-16 5.393066e-14 8.576713e-14 6.828073e-14 4.783436e-14 3.311216e-14 2.321970e-14 1.656380e-14
2.600000e+01 -2.381499e-15 4.669275e-14 8.114061e-14 6.629631e-14 4.701050e-14 3.276144e-14 2.306811e-14 1.649960e-14
2.700000e+01 -3.843486e-15 3.953001e-14 7.634136e-14 6.420011e-14 4.611960e-14 3.236940e-14 2.289091e-14 1.641960e-14
2.800000e+01 -4.938886e-15 3.252855e-14 7.137114e-14 6.196620e-14 4.516314e-14 3.195137e-14 2.270495e-14 1.633747e-14
2.900000e+01 -5.673847e-15 2.573191e-14 6.627325e-14 5.962594e-14 4.413774e-14 3.149096e-14 2.249414e-14 1.624166e-14
3.000000e+01 -6.065667e-15 1.922610e-14 6.103835e-14 5.714820e-14 4.304084e-14 3.099802e-14 2.226879e-14 1.613907e-14
3.100000e+01 -6.137076e-15 1.306555e-14 5.574245e-14 5.455753e-14 4.185793e-14 3.044964e-14 2.201024e-14 1.601749e-14
3.200000e+01 -5.919693e-15 7.300353e-15 5.040734e-14 5.187774e-14 4.061540e-14 2.986457e-14 2.172817e-14 1.588007e-14
3.300000e+01 -5.450604e-15 1.980323e-15 4.506297e-14 4.911099e-14 3.930863e-14 2.924166e-14 2.142502e-14 1.573111e-14
3.400000e+01 -4.771675e-15 -2.859515e-15 3.974690e-14 4.626953e-14 3.793988e-14 2.857848e-14 2.109714e-14 1.556715e-14
3.500000e+01 -3.927663e-15 -7.189200e-15 3.448636e-14 4.336510e-14 3.651348e-14 2.787635e-14 2.074485e-14 1.538818e-14
3.600000e+01 -2.963191e-15 -1.098350e-14 2.931065e-14 4.040674e-14 3.503209e-14 2.713668e-14 2.036862e-14 1.519404e-14
3.700000e+01 -1.922295e-15 -1.422498e-14 2.425861e-14 3.740983e-14 3.349764e-14 2.635738e-14 1.996627e-14 1.498323e-14
3.800000e+01 -8.516438e-16 -1.690866e-14 1.936399e-14 3.439211e-14 3.192070e-14 2.554392e-14 1.953976e-14 1.475593e-14
3.900000e+01 2.102103e-16 -1.904320e-14 1.465341e-14 3.137321e-14 3.030751e-14 2.469918e-14 1.909172e-14 1.451450e-14
4.000000e+01 1.225281e-15 -2.063039e-14 1.012848e-14 2.835500e-14 2.866848e-14 2.382981e-14 1.862444e-14 1.425914e-14
4.100000e+01 2.160949e-15 -2.168743e-14 5.837311e-15 2.533950e-14 2.698750e-14 2.292630e-14 1.813576e-14 1.399107e-14
4.200000e+01 2.989643e-15 -2.224099e-14 1.798011e-15 2.236500e-14 2.528504e-14 2.199073e-14 1.761917e-14 1.370212e-14
4.300000e+01 3.692734e-15 -2.231590e-14 -1.983348e-15 1.943219e-14 2.357362e-14 2.103855e-14 1.708727e-14 1.340060e-14
4.400000e+01 4.254757e-15 -2.194863e-14 -5.472487e-15 1.654766e-14 2.184379e-14 2.006286e-14 1.653797e-14 1.308757e-14
4.500000e+01 4.677074e-15 -2.117883e-14 -8.666276e-15 1.374475e-14 2.011543e-14 1.906673e-14 1.596745e-14 1.275790e-14
4.600000e+01 4.944194e-15 -2.004929e-14 -1.155249e-14 1.101554e-14 1.839268e-14 1.806316e-14 1.538720e-14 1.241875e-14
4.700000e+01 5.056970e-15 -1.860679e-14 -1.413060e-14 8.382227e-15 1.667704e-14 1.704359e-14 1.479098e-14 1.206839e-14
4.800000e+01 5.035423e-15 -1.689671e-14 -1.639250e-14 5.839971e-15 1.497720e-14 1.601965e-14 1.418434e-14 1.170678e-14
4.900000e+01 4.898435e-15 -1.497040e-14 -1.833372e-14 3.409679e-15 1.328967e-14 1.498281e-14 1.356438e-14 1.133576e-14
5.000000e+01 4.646667e-15 -1.287695e-14 -1.995910e-14 1.097059e-15 1.163359e-14 1.394549e-14 1.293314e-14 1.095187e-14
5.100000e+01 4.307646e-15 -1.066527e-14 -2.126954e-14 -1.091744e-15 1.000457e-14 1.290784e-14 1.229633e-14 1.056205e-14
5.200000e+01 3.896139e-15 -8.381918e-15 -2.227415e-14 -3.147325e-15 8.413399e-15 1.187182e-14 1.165064e-14 1.016252e-14
5.300000e+01 3.434986e-15 -6.075306e-15 -2.298170e-14 -5.067112e-15 6.863215e-15 1.084335e-14 1.100185e-14 9.756930e-15
5.400000e+01 2.960138e-15 -3.786089e-15 -2.340241e-14 -6.846798e-15 5.357709e-15 9.823038e-15 1.034985e-14 9.345717e-15
5.500000e+01 2.470196e-15 -1.554742e-15 -2.354753e-14 -8.480720e-15 3.899941e-15 8.812297e-15 9.695189e-15 8.928782e-15
5.600000e+01 1.991839e-15 5.832966e-16 -2.343540e-14 -9.964796e-15 2.498608e-15 7.816018e-15 9.039630e-15 8.506593e-15
5.700000e+01 1.560488e-15 2.592749e-15 -2.308037e-14 -1.130204e-14 1.154017e-15 6.838342e-15 8.387685e-15 8.082349e-15
5.800000e+01 1.154169e-15 4.451175e-15 -2.250157e-14 -1.248776e-14 -1.313798e-16 5.877509e-15 7.737598e-15 7.655601e-15
5.900000e+01 8.209640e-16 6.130469e-15 -2.171872e-14 -1.352401e-14 -1.351817e-15 4.938714e-15 7.091591e-15 7.226422e-15
6.000000e+01 5.322386e-16 7.612528e-15 -2.075023e-14 -1.441299e-14 -2.507252e-15 4.023750e-15 6.452293e-15 6.797243e-15
6.100000e+01 3.231090e-16 8.884098e-15 -1.961755e-14 -1.515438e-14 -3.595646e-15 3.133197e-15 5.819606e-15 6.368017e-15
6.200000e+01 1.834332e-16 9.944123e-15 -1.834294e-14 -1.575047e-14 -4.612632e-15 2.269903e-15 5.194764e-15 5.939138e-15
6.300000e+01 1.119413e-16 1.077663e-14 -1.694707e-14 -1.620716e-14 -5.557319e-15 1.437684e-15 4.580821e-15 5.512238e-15
6.400000e+01 1.013225e-16 1.138752e-14 -1.545135e-14 -1.652805e-14 -6.430537e-15 6.359861e-16 3.978718e-15 5.089074e-15
6.500000e+01 1.538594e-16 1.178169e-14 -1.387691e-14 -1.671701e-14 -7.230604e-15 -1.338394e-16 3.388172e-15 4.668786e-15
6.600000e+01 2.525538e-16 1.196766e-14 -1.224665e-14 -1.677986e-14 -7.955925e-15 -8.694348e-16 2.811025e-15 4.252448e-15
6.700000e+01 3.906300e-16 1.194556e-14 -1.057952e-14 -1.672340e-14 -8.607560e-15 -1.569381e-15 2.249278e-15 3.841672e-15
6.800000e+01 5.585650e-16 1.174920e-14 -8.894603e-15 -1.655416e-14 -9.185610e-15 -2.233516e-15 1.702880e-15 3.436766e-15
6.900000e+01 7.439060e-16 1.138206e-14 -7.211358e-15 -1.627918e-14 -9.690898e-15 -2.859987e-15 1.173472e-15 3.038261e-15
7.000000e+01 9.363829e-16 1.086630e-14 -5.549017e-15 -1.590542e-14 -1.012498e-14 -3.449546e-15 6.614433e-16 2.647408e-15
7.100000e+01 1.124576e-15 1.021858e-14 -3.922023e-15 -1.544085e-14 -1.048806e-14 -4.001349e-15 1.667246e-16 2.263647e-15
7.200000e+01 1.301053e-15 9.467428e-15 -2.346479e-15 -1.489315e-14 -1.078083e-14 -4.513480e-15 -3.089344e-16 1.887818e-15
7.300000e+01 1.455673e-15 8.633272e-15 -8.377815e-16 -1.427107e-14 -1.100616e-14 -4.985553e-15 -7.636744e-16 1.521941e-15
7.400000e+01 1.582549e-15 7.735131e-15 5.938040e-16 -1.358310e-14 -1.116685e-14 -5.419093e-15 -1.197927e-15 1.166521e-15
7.500000e+01 1.677013e-15 6.796127e-15 1.937427e-15 -1.283681e-14 -1.126381e-14 -5.813894e-15 -1.612456e-15 8.203392e-16
7.600000e+01 1.735594e-15 5.838699e-15 3.183656e-15 -1.204066e-14 -1.129909e-14 -6.168241e-15 -2.005102e-15 4.846565e-16
7.700000e+01 1.756858e-15 4.882095e-15 4.324871e-15 -1.120296e-14 -1.127692e-14 -6.483296e-15 -2.374623e-15 1.615168e-16
7.800000e+01 1.741074e-15 3.944582e-15 5.352585e-15 -1.033265e-14 -1.119998e-14 -6.761095e-15 -2.723089e-15 -1.501289e-16
7.900000e+01 1.690363e-15 3.044341e-15 6.264288e-15 -9.437809e-15 -1.107130e-14 -7.001576e-15 -3.050022e-15 -4.506741e-16
8.000000e+01 1.608061e-15 2.195105e-15 7.057173e-15 -8.524974e-15 -1.089328e-14 -7.205119e-15 -3.355172e-15 -7.394273e-16
8.100000e+01 1.498164e-15 1.410833e-15 7.729446e-15 -7.602443e-15 -1.066924e-14 -7.371320e-15 -3.637194e-15 -1.015616e-15
8.200000e+01 1.366435e-15 7.021542e-16 8.280805e-15 -6.677453e-15 -1.040336e-14 -7.502701e-15 -3.896494e-15 -1.278055e-15
8.300000e+01 1.218801e-15 7.701966e-17 8.712332e-15 -5.756676e-15 -1.009845e-14 -7.599985e-15 -4.134250e-15 -1.528171e-15
8.400000e+01 1.061325e-15 -4.576274e-16 9.026105e-15 -4.846596e-15 -9.758154e-15 -7.664050e-15 -4.349698e-15 -1.765142e-15
8.500000e+01 9.004286e-16 -8.986864e-16 9.226340e-15 -3.953818e-15 -9.386072e-15 -7.696524e-15 -4.543681e-15 -1.989034e-15
8.600000e+01 7.421409e-16 -1.245061e-15 9.317925e-15 -3.083676e-15 -8.985667e-15 -7.698311e-15 -4.716284e-15 -2.200043e-15
8.700000e+01 5.920207e-16 -1.495684e-15 9.306288e-15 -2.239591e-15 -8.560065e-15 -7.670528e-15 -4.867309e-15 -2.397518e-15
8.800000e+01 4.546993e-16 -1.653227e-15 9.196227e-15 -1.430148e-15 -8.112826e-15 -7.614644e-15 -4.997243e-15 -2.581347e-15
8.900000e+01 3.342931e-16 -1.722835e-15 8.994756e-15 -6.658404e-16 -7.649027e-15 -7.532668e-15 -5.106931e-15 -2.751832e-15
9.000000e+01 2.337963e-16 -1.709341e-15 8.714910e-15 7.229582e-17 -7.169150e-15 -7.425912e-15 -5.197095e-15 -2.909573e-15
9.100000e+01 1.554310e-16 -1.620093e-15 8.360577e-15 7.627045e-16 -6.678387e-15 -7.295368e-15 -5.267267e-15 -3.053844e-15
9.200000e+01 9.972954e-17 -1.464196e-15 7.940874e-15 1.403755e-15 -6.179597e-15 -7.142876e-15 -5.318195e-15 -3.184430e-15
9.300000e+01 6.724929e-17 -1.250009e-15 7.465278e-15 1.996670e-15 -5.675575e-15 -6.970203e-15 -5.350767e-15 -3.301857e-15
9.400000e+01 5.610480e-17 -9.871538e-16 6.942256e-15 2.538084e-15 -5.170151e-15 -6.779393e-15 -5.366117e-15 -3.406673e-15
9.500000e+01 6.522441e-17 -6.866127e-16 6.381758e-15 3.028517e-15 -4.665402e-15 -6.571776e-15 -5.364911e-15 -3.499532e-15
9.600000e+01 9.202105e-17 -3.565938e-16 5.792203e-15 3.465745e-15 -4.163857e-15 -6.348592e-15 -5.347165e-15 -3.579853e-15
9.700000e+01 1.326987e-16 -8.860061e-18 5.181251e-15 3.849022e-15 -3.668840e-15 -6.111930e-15 -5.313888e-15 -3.647807e-15
9.800000e+01 1.843503e-16 3.455213e-16 4.559466e-15 4.178828e-15 -3.182874e-15 -5.863788e-15 -5.266636e-15 -3.704573e-15
9.900000e+01 2.432379e-16 6.986235e-16 3.933112e-15 4.456360e-15 -2.707516e-15 -5.605016e-15 -5.205374e-15 -3.750147e-15
1.000000e+02 3.051815e-16 1.040069e-15 3.309845e-15 4.681824e-15 -2.244981e-15 -5.337185e-15 -5.130560e-15 -3.784109e-15
