2.000000e+00 1.318025e-21
3.000000e+00 1.823084e-21
4.000000e+00 2.322283e-21
5.000000e+00 2.816572e-21
6.000000e+00 3.306462e-21
7.000000e+00 3.792237e-21
8.000000e+00 4.274048e-21
9.000000e+00 4.751963e-21
1.000000e+01 5.225993e-21
1.100000e+01 5.696108e-21
1.200000e+01 6.162205e-21
1.300000e+01 6.624265e-21
1.400000e+01 7.082177e-21
1.500000e+01 7.535910e-21
1.600000e+01 7.985320e-21
1.700000e+01 8.430312e-21
1.800000e+01 8.870814e-21
1.900000e+01 9.306686e-21
2.000000e+01 9.737820e-21
2.100000e+01 1.016416e-20
2.200000e+01 1.058559e-20
2.300000e+01 1.100199e-20
2.400000e+01 1.141331e-20
2.500000e+01 1.181942e-20
2.600000e+01 1.222030e-20
2.700000e+01 1.261582e-20
2.800000e+01 1.300594e-20
2.900000e+01 1.339057e-20
3.000000e+01 1.376967e-20
3.100000e+01 1.414318e-20
3.200000e+01 1.451107e-20
3.300000e+01 1.487325e-20
3.400000e+01 1.522972e-20
3.500000e+01 1.558043e-20
3.600000e+01 1.592537e-20
3.700000e+01 1.626452e-20
3.800000e+01 1.659784e-20
3.900000e+01 1.692532e-20
4.000000e+01 1.724697e-20
4.100000e+01 1.756280e-20
4.200000e+01 1.787279e-20
4.300000e+01 1.817694e-20
4.400000e+01 1.847529e-20
4.500000e+01 1.876784e-20
4.600000e+01 1.905460e-20
4.700000e+01 1.933561e-20
4.800000e+01 1.961089e-20
4.900000e+01 1.988047e-20
5.000000e+01 2.014440e-20
5.100000e+01 2.040269e-20
5.200000e+01 2.065539e-20
5.300000e+01 2.090256e-20
5.400000e+01 2.114418e-20
5.500000e+01 2.138036e-20
5.600000e+01 2.161114e-20
5.700000e+01 2.183653e-20
5.800000e+01 2.205662e-20
5.900000e+01 2.227143e-20
6.000000e+01 2.248105e-20
6.100000e+01 2.268551e-20
6.200000e+01 2.288485e-20
6.300000e+01 2.307915e-20
6.400000e+01 2.326844e-20
6.500000e+01 2.345281e-20
6.600000e+01 2.363230e-20
6.700000e+01 2.380697e-20
6.800000e+01 2.397687e-20
6.900000e+01 2.414204e-20
7.000000e+01 2.430254e-20
7.100000e+01 2.445846e-20
7.200000e+01 2.460983e-20
7.300000e+01 2.475670e-20
7.400000e+01 2.489914e-20
7.500000e+01 2.503721e-20
7.600000e+01 2.517094e-20
7.700000e+01 2.530039e-20
7.800000e+01 2.542562e-20
7.900000e+01 2.554668e-20
8.000000e+01 2.566362e-20
8.100000e+01 2.577648e-20
8.200000e+01 2.588533e-20
8.300000e+01 2.599020e-20
8.400000e+01 2.609115e-20
8.500000e+01 2.618823e-20
8.600000e+01 2.628146e-20
8.700000e+01 2.637094e-20
8.800000e+01 2.645668e-20
8.900000e+01 2.653871e-20
9.000000e+01 2.661708e-20
9.100000e+01 2.669187e-20
9.200000e+01 2.676311e-20
9.300000e+01 2.683083e-20
9.400000e+01 2.689507e-20
9.500000e+01 2.695587e-20
9.600000e+01 2.701328e-20
9.700000e+01 2.706736e-20
9.800000e+01 2.711815e-20
9.900000e+01 2.716563e-20
1.000000e+02 2.720987e-20
