2.000000e+00 2.528701e-14
3.000000e+00 3.497525e-14
4.000000e+00 4.454953e-14
5.000000e+00 5.402763e-14
6.000000e+00 6.341903e-14
7.000000e+00 7.272875e-14
8.000000e+00 8.195938e-14
9.000000e+00 9.111185e-14
1.000000e+01 1.001860e-13
1.100000e+01 1.091810e-13
1.200000e+01 1.180947e-13
1.300000e+01 1.269264e-13
1.400000e+01 1.356738e-13
1.500000e+01 1.443361e-13
1.600000e+01 1.529103e-13
1.700000e+01 1.613946e-13
1.800000e+01 1.697873e-13
1.900000e+01 1.780857e-13
2.000000e+01 1.862878e-13
2.100000e+01 1.943925e-13
2.200000e+01 2.023974e-13
2.300000e+01 2.103005e-13
2.400000e+01 2.181007e-13
2.500000e+01 2.257958e-13
2.600000e+01 2.333852e-13
2.700000e+01 2.408669e-13
2.800000e+01 2.482399e-13
2.900000e+01 2.555031e-13
3.000000e+01 2.626557e-13
3.100000e+01 2.696969e-13
3.200000e+01 2.766262e-13
3.300000e+01 2.834424e-13
3.400000e+01 2.901455e-13
3.500000e+01 2.967351e-13
3.600000e+01 3.032111e-13
3.700000e+01 3.095732e-13
3.800000e+01 3.158214e-13
3.900000e+01 3.219558e-13
4.000000e+01 3.279767e-13
4.100000e+01 3.338846e-13
4.200000e+01 3.396795e-13
4.300000e+01 3.453619e-13
4.400000e+01 3.509328e-13
4.500000e+01 3.563920e-13
4.600000e+01 3.617407e-13
4.700000e+01 3.669798e-13
4.800000e+01 3.721099e-13
4.900000e+01 3.771318e-13
5.000000e+01 3.820466e-13
5.100000e+01 3.868551e-13
5.200000e+01 3.915584e-13
5.300000e+01 3.961572e-13
5.400000e+01 4.006525e-13
5.500000e+01 4.050462e-13
5.600000e+01 4.093385e-13
5.700000e+01 4.135308e-13
5.800000e+01 4.176243e-13
5.900000e+01 4.216201e-13
6.000000e+01 4.255195e-13
6.100000e+01 4.293232e-13
6.200000e+01 4.330326e-13
6.300000e+01 4.366487e-13
6.400000e+01 4.401728e-13
6.500000e+01 4.436061e-13
6.600000e+01 4.469497e-13
6.700000e+01 4.502048e-13
6.800000e+01 4.533719e-13
6.900000e+01 4.564521e-13
7.000000e+01 4.594474e-13
7.100000e+01 4.623583e-13
7.200000e+01 4.651855e-13
7.300000e+01 4.679307e-13
7.400000e+01 4.705947e-13
7.500000e+01 4.731780e-13
7.600000e+01 4.756820e-13
7.700000e+01 4.781077e-13
7.800000e+01 4.804562e-13
7.900000e+01 4.827280e-13
8.000000e+01 4.849241e-13
8.100000e+01 4.870457e-13
8.200000e+01 4.890934e-13
8.300000e+01 4.910681e-13
8.400000e+01 4.929706e-13
8.500000e+01 4.948020e-13
8.600000e+01 4.965632e-13
8.700000e+01 4.982549e-13
8.800000e+01 4.998775e-13
8.900000e+01 5.014320e-13
9.000000e+01 5.029196e-13
9.100000e+01 5.043409e-13
9.200000e+01 5.056966e-13
9.300000e+01 5.069874e-13
9.400000e+01 5.082139e-13
9.500000e+01 5.093771e-13
9.600000e+01 5.104782e-13
9.700000e+01 5.115175e-13
9.800000e+01 5.124953e-13
9.900000e+01 5.134123e-13
1.000000e+02 5.142701e-13
