2.000000e+00 -4.445216e-13 -1.680165e-12 -1.894063e-12 -1.423915e-12 -1.001866e-12 -7.083416e-13 -5.091416e-13 -3.719372e-13
3.000000e+00 -3.037807e-13 -1.135696e-12 -1.273585e-12 -9.550013e-13 -6.709192e-13 -4.738832e-13 -3.403818e-13 -2.485301e-13
4.000000e+00 -2.315085e-13 -8.542285e-13 -9.516203e-13 -7.112047e-13 -4.986443e-13 -3.517353e-13 -2.524099e-13 -1.841718e-13
5.000000e+00 -1.885123e-13 -6.858624e-13 -7.582823e-13 -5.644902e-13 -3.948305e-13 -2.780607e-13 -1.993142e-13 -1.453094e-13
6.000000e+00 -1.604092e-13 -5.755826e-13 -6.312160e-13 -4.678544e-13 -3.263510e-13 -2.294116e-13 -1.642270e-13 -1.196131e-13
7.000000e+00 -1.407371e-13 -4.986471e-13 -5.423627e-13 -4.001440e-13 -2.782995e-13 -1.952389e-13 -1.395613e-13 -1.015383e-13
8.000000e+00 -1.261886e-13 -4.423746e-13 -4.773419e-13 -3.505186e-13 -2.430360e-13 -1.701353e-13 -1.214276e-13 -8.824209e-14
9.000000e+00 -1.149052e-13 -3.996219e-13 -4.280587e-13 -3.128778e-13 -2.162619e-13 -1.510582e-13 -1.076371e-13 -7.812450e-14
1.000000e+01 -1.057754e-13 -3.660849e-13 -3.896181e-13 -2.835258e-13 -1.953707e-13 -1.361619e-13 -9.686178e-14 -7.021477e-14
1.100000e+01 -9.809635e-14 -3.390084e-13 -3.588992e-13 -2.601142e-13 -1.787085e-13 -1.242764e-13 -8.826029e-14 -6.389785e-14
1.200000e+01 -9.141762e-14 -3.165730e-13 -3.338082e-13 -2.410566e-13 -1.651558e-13 -1.146096e-13 -8.126336e-14 -5.875845e-14
1.300000e+01 -8.543592e-14 -2.975431e-13 -3.129401e-13 -2.252911e-13 -1.539610e-13 -1.066266e-13 -7.548442e-14 -5.451264e-14
1.400000e+01 -7.994912e-14 -2.810302e-13 -2.952715e-13 -2.120499e-13 -1.445866e-13 -9.994914e-14 -7.065209e-14 -5.096225e-14
1.500000e+01 -7.481998e-14 -2.664053e-13 -2.800645e-13 -2.007688e-13 -1.366323e-13 -9.429308e-14 -6.656198e-14 -4.795799e-14
1.600000e+01 -6.995945e-14 -2.531994e-13 -2.667664e-13 -1.910321e-13 -1.298060e-13 -8.945182e-14 -6.306549e-14 -4.539130e-14
1.700000e+01 -6.530921e-14 -2.410744e-13 -2.549653e-13 -1.825199e-13 -1.238793e-13 -8.526313e-14 -6.004591e-14 -4.317700e-14
1.800000e+01 -6.083557e-14 -2.297719e-13 -2.443399e-13 -1.749894e-13 -1.186819e-13 -8.160668e-14 -5.741655e-14 -4.125157e-14
1.900000e+01 -5.652027e-14 -2.191068e-13 -2.346472e-13 -1.682481e-13 -1.140754e-13 -7.838348e-14 -5.510607e-14 -3.956293e-14
2.000000e+01 -5.235728e-14 -2.089356e-13 -2.256968e-13 -1.621493e-13 -1.099553e-13 -7.551928e-14 -5.306074e-14 -3.807154e-14
2.100000e+01 -4.834794e-14 -1.991577e-13 -2.173356e-13 -1.565697e-13 -1.062338e-13 -7.295207e-14 -5.123619e-14 -3.674520e-14
2.200000e+01 -4.449906e-14 -1.896974e-13 -2.094487e-13 -1.514164e-13 -1.028425e-13 -7.063191e-14 -4.959580e-14 -3.555678e-14
2.300000e+01 -4.082028e-14 -1.805033e-13 -2.019403e-13 -1.466102e-13 -9.972510e-14 -6.851931e-14 -4.811138e-14 -3.448578e-14
2.400000e+01 -3.732252e-14 -1.715405e-13 -1.947382e-13 -1.420889e-13 -9.683487e-14 -6.658003e-14 -4.675788e-14 -3.351374e-14
2.500000e+01 -3.401675e-14 -1.627876e-13 -1.877841e-13 -1.378013e-13 -9.413424e-14 -6.478708e-14 -4.551569e-14 -3.262623e-14
2.600000e+01 -3.091290e-14 -1.542341e-13 -1.810330e-13 -1.337055e-13 -9.159137e-14 -6.311722e-14 -4.436789e-14 -3.181080e-14
2.700000e+01 -2.801922e-14 -1.458770e-13 -1.744505e-13 -1.297675e-13 -8.918017e-14 -6.155124e-14 -4.330037e-14 -3.105700e-14
2.800000e+01 -2.534166e-14 -1.377192e-13 -1.680104e-13 -1.259600e-13 -8.687899e-14 -6.007307e-14 -4.230127e-14 -3.035609e-14
2.900000e+01 -2.288370e-14 -1.297682e-13 -1.616926e-13 -1.222600e-13 -8.466962e-14 -5.866911e-14 -4.136056e-14 -2.970059e-14
3.000000e+01 -2.064602e-14 -1.220353e-13 -1.554840e-13 -1.186489e-13 -8.253637e-14 -5.732755e-14 -4.046951e-14 -2.908403e-14
3.100000e+01 -1.862650e-14 -1.145321e-13 -1.493766e-13 -1.151136e-13 -8.046730e-14 -5.603871e-14 -3.962064e-14 -2.850076e-14
3.200000e+01 -1.682037e-14 -1.072722e-13 -1.433637e-13 -1.116419e-13 -7.845219e-14 -5.479499e-14 -3.880832e-14 -2.794651e-14
3.300000e+01 -1.522033e-14 -1.002695e-13 -1.374435e-13 -1.082245e-13 -7.648157e-14 -5.358872e-14 -3.802674e-14 -2.741701e-14
3.400000e+01 -1.381673e-14 -9.353710e-14 -1.316167e-13 -1.048550e-13 -7.454860e-14 -5.241405e-14 -3.727124e-14 -2.690861e-14
3.500000e+01 -1.259802e-14 -8.708730e-14 -1.258851e-13 -1.015287e-13 -7.264765e-14 -5.126621e-14 -3.653806e-14 -2.641841e-14
3.600000e+01 -1.155092e-14 -8.093115e-14 -1.202526e-13 -9.824173e-14 -7.077386e-14 -5.014098e-14 -3.582388e-14 -2.594388e-14
3.700000e+01 -1.066098e-14 -7.507781e-14 -1.147243e-13 -9.499238e-14 -6.892339e-14 -4.903465e-14 -3.512564e-14 -2.548262e-14
3.800000e+01 -9.912780e-15 -6.953499e-14 -1.093052e-13 -9.177927e-14 -6.709359e-14 -4.794456e-14 -3.444102e-14 -2.503271e-14
3.900000e+01 -9.290453e-15 -6.430796e-14 -1.040025e-13 -8.860222e-14 -6.528171e-14 -4.686795e-14 -3.376782e-14 -2.459251e-14
4.000000e+01 -8.778014e-15 -5.940001e-14 -9.882219e-14 -8.546228e-14 -6.348672e-14 -4.580307e-14 -3.310422e-14 -2.416039e-14
4.100000e+01 -8.359613e-15 -5.481212e-14 -9.377123e-14 -8.236029e-14 -6.170728e-14 -4.474838e-14 -3.244893e-14 -2.373532e-14
4.200000e+01 -8.019910e-15 -5.054309e-14 -8.885621e-14 -7.929825e-14 -5.994283e-14 -4.370250e-14 -3.180052e-14 -2.331608e-14
4.300000e+01 -7.744583e-15 -4.658957e-14 -8.408318e-14 -7.627814e-14 -5.819326e-14 -4.266466e-14 -3.115808e-14 -2.290181e-14
4.400000e+01 -7.519813e-15 -4.294622e-14 -7.945820e-14 -7.330202e-14 -5.645838e-14 -4.163405e-14 -3.052076e-14 -2.249178e-14
4.500000e+01 -7.333699e-15 -3.960564e-14 -7.498716e-14 -7.037273e-14 -5.473850e-14 -4.061004e-14 -2.988772e-14 -2.208522e-14
4.600000e+01 -7.175232e-15 -3.655860e-14 -7.067478e-14 -6.749326e-14 -5.303454e-14 -3.959253e-14 -2.925850e-14 -2.168156e-14
4.700000e+01 -7.034635e-15 -3.379433e-14 -6.652545e-14 -6.466603e-14 -5.134716e-14 -3.858155e-14 -2.863287e-14 -2.128051e-14
4.800000e+01 -6.904427e-15 -3.130054e-14 -6.254287e-14 -6.189410e-14 -4.967717e-14 -3.757686e-14 -2.801038e-14 -2.088163e-14
4.900000e+01 -6.777577e-15 -2.906371e-14 -5.872990e-14 -5.918013e-14 -4.802580e-14 -3.657883e-14 -2.739088e-14 -2.048459e-14
5.000000e+01 -6.649158e-15 -2.706933e-14 -5.508888e-14 -5.652680e-14 -4.639398e-14 -3.558762e-14 -2.677433e-14 -2.008927e-14
5.100000e+01 -6.515560e-15 -2.530188e-14 -5.162121e-14 -5.393687e-14 -4.478304e-14 -3.460355e-14 -2.616059e-14 -1.969540e-14
5.200000e+01 -6.374251e-15 -2.374539e-14 -4.832752e-14 -5.141266e-14 -4.319426e-14 -3.362715e-14 -2.554981e-14 -1.930292e-14
5.300000e+01 -6.223844e-15 -2.238333e-14 -4.520779e-14 -4.895649e-14 -4.162875e-14 -3.265882e-14 -2.494204e-14 -1.891179e-14
5.400000e+01 -6.063688e-15 -2.119909e-14 -4.226115e-14 -4.657051e-14 -4.008792e-14 -3.169907e-14 -2.433739e-14 -1.852191e-14
5.500000e+01 -5.894789e-15 -2.017598e-14 -3.948613e-14 -4.425656e-14 -3.857296e-14 -3.074855e-14 -2.373612e-14 -1.813337e-14
5.600000e+01 -5.718092e-15 -1.929747e-14 -3.688044e-14 -4.201647e-14 -3.708521e-14 -2.980779e-14 -2.313839e-14 -1.774617e-14
5.700000e+01 -5.534784e-15 -1.854735e-14 -3.444120e-14 -3.985153e-14 -3.562589e-14 -2.887756e-14 -2.254457e-14 -1.736042e-14
5.800000e+01 -5.347170e-15 -1.790997e-14 -3.216490e-14 -3.776299e-14 -3.419604e-14 -2.795836e-14 -2.195490e-14 -1.697626e-14
5.900000e+01 -5.157996e-15 -1.737023e-14 -3.004743e-14 -3.575185e-14 -3.279687e-14 -2.705084e-14 -2.136963e-14 -1.659373e-14
6.000000e+01 -4.968812e-15 -1.691368e-14 -2.808415e-14 -3.381877e-14 -3.142941e-14 -2.615570e-14 -2.078914e-14 -1.621301e-14
6.100000e+01 -4.782030e-15 -1.652687e-14 -2.626996e-14 -3.196412e-14 -3.009460e-14 -2.527356e-14 -2.021377e-14 -1.583426e-14
6.200000e+01 -4.599737e-15 -1.619748e-14 -2.459934e-14 -3.018817e-14 -2.879323e-14 -2.440496e-14 -1.964383e-14 -1.545766e-14
6.300000e+01 -4.423938e-15 -1.591362e-14 -2.306639e-14 -2.849093e-14 -2.752629e-14 -2.355053e-14 -1.907960e-14 -1.508330e-14
6.400000e+01 -4.255941e-15 -1.566493e-14 -2.166487e-14 -2.687198e-14 -2.629444e-14 -2.271097e-14 -1.852157e-14 -1.471146e-14
6.500000e+01 -4.097199e-15 -1.544203e-14 -2.038835e-14 -2.533083e-14 -2.509824e-14 -2.188672e-14 -1.797005e-14 -1.434235e-14
6.600000e+01 -3.948678e-15 -1.523659e-14 -1.923012e-14 -2.386677e-14 -2.393827e-14 -2.107830e-14 -1.742531e-14 -1.397610e-14
6.700000e+01 -3.810799e-15 -1.504109e-14 -1.818335e-14 -2.247876e-14 -2.281497e-14 -2.028627e-14 -1.688774e-14 -1.361293e-14
6.800000e+01 -3.683835e-15 -1.484956e-14 -1.724109e-14 -2.116564e-14 -2.172866e-14 -1.951104e-14 -1.635765e-14 -1.325306e-14
6.900000e+01 -3.567641e-15 -1.465678e-14 -1.639635e-14 -1.992603e-14 -2.067962e-14 -1.875306e-14 -1.583537e-14 -1.289666e-14
7.000000e+01 -3.461833e-15 -1.445858e-14 -1.564217e-14 -1.875836e-14 -1.966794e-14 -1.801269e-14 -1.532120e-14 -1.254396e-14
7.100000e+01 -3.365762e-15 -1.425152e-14 -1.497159e-14 -1.766093e-14 -1.869374e-14 -1.729030e-14 -1.481541e-14 -1.219511e-14
7.200000e+01 -3.278577e-15 -1.403336e-14 -1.437781e-14 -1.663186e-14 -1.775700e-14 -1.658622e-14 -1.431831e-14 -1.185034e-14
7.300000e+01 -3.199282e-15 -1.380253e-14 -1.385408e-14 -1.566912e-14 -1.685757e-14 -1.590073e-14 -1.383018e-14 -1.150984e-14
7.400000e+01 -3.126786e-15 -1.355813e-14 -1.339383e-14 -1.477056e-14 -1.599523e-14 -1.523403e-14 -1.335125e-14 -1.117380e-14
7.500000e+01 -3.059949e-15 -1.329998e-14 -1.299072e-14 -1.393393e-14 -1.516968e-14 -1.458628e-14 -1.288173e-14 -1.084238e-14
7.600000e+01 -2.997628e-15 -1.302842e-14 -1.263864e-14 -1.315690e-14 -1.438057e-14 -1.395767e-14 -1.242181e-14 -1.051572e-14
7.700000e+01 -2.938724e-15 -1.274430e-14 -1.233174e-14 -1.243703e-14 -1.362747e-14 -1.334831e-14 -1.197174e-14 -1.019401e-14
7.800000e+01 -2.882224e-15 -1.244887e-14 -1.206441e-14 -1.177184e-14 -1.290983e-14 -1.275827e-14 -1.153169e-14 -9.877418e-15
7.900000e+01 -2.827213e-15 -1.214371e-14 -1.183136e-14 -1.115877e-14 -1.222706e-14 -1.218757e-14 -1.110180e-14 -9.566085e-15
8.000000e+01 -2.772905e-15 -1.183065e-14 -1.162766e-14 -1.059525e-14 -1.157852e-14 -1.163620e-14 -1.068220e-14 -9.260136e-15
8.100000e+01 -2.718665e-15 -1.151167e-14 -1.144865e-14 -1.007868e-14 -1.096348e-14 -1.110412e-14 -1.027302e-14 -8.959700e-15
8.200000e+01 -2.664014e-15 -1.118887e-14 -1.129002e-14 -9.606457e-15 -1.038119e-14 -1.059125e-14 -9.874367e-15 -8.664909e-15
8.300000e+01 -2.608616e-15 -1.086442e-14 -1.114782e-14 -9.175958e-15 -9.830797e-15 -1.009745e-14 -9.486305e-15 -8.375868e-15
8.400000e+01 -2.552291e-15 -1.054042e-14 -1.101841e-14 -8.784601e-15 -9.311461e-15 -9.622583e-15 -9.108889e-15 -8.092664e-15
8.500000e+01 -2.494994e-15 -1.021894e-14 -1.089853e-14 -8.429816e-15 -8.822269e-15 -9.166458e-15 -8.742170e-15 -7.815391e-15
8.600000e+01 -2.436804e-15 -9.901939e-15 -1.078524e-14 -8.109064e-15 -8.362269e-15 -8.728853e-15 -8.386168e-15 -7.544135e-15
8.700000e+01 -2.377902e-15 -9.591238e-15 -1.067591e-14 -7.819879e-15 -7.930489e-15 -8.309518e-15 -8.040880e-15 -7.278955e-15
8.800000e+01 -2.318546e-15 -9.288474e-15 -1.056827e-14 -7.559826e-15 -7.525939e-15 -7.908186e-15 -7.706294e-15 -7.019911e-15
8.900000e+01 -2.259066e-15 -8.995082e-15 -1.046035e-14 -7.326526e-15 -7.147583e-15 -7.524557e-15 -7.382389e-15 -6.767061e-15
9.000000e+01 -2.199822e-15 -8.712298e-15 -1.035049e-14 -7.117711e-15 -6.794383e-15 -7.158297e-15 -7.069104e-15 -6.520437e-15
9.100000e+01 -2.141194e-15 -8.441128e-15 -1.023730e-14 -6.931160e-15 -6.465289e-15 -6.809071e-15 -6.766390e-15 -6.280072e-15
9.200000e+01 -2.083564e-15 -8.182352e-15 -1.011967e-14 -6.764747e-15 -6.159226e-15 -6.476494e-15 -6.474165e-15 -6.046004e-15
9.300000e+01 -2.027280e-15 -7.936516e-15 -9.996757e-15 -6.616434e-15 -5.875140e-15 -6.160177e-15 -6.192314e-15 -5.818212e-15
9.400000e+01 -1.972671e-15 -7.703939e-15 -9.867931e-15 -6.484279e-15 -5.611957e-15 -5.859721e-15 -5.920745e-15 -5.596711e-15
9.500000e+01 -1.920008e-15 -7.484759e-15 -9.732780e-15 -6.366435e-15 -5.368610e-15 -5.574695e-15 -5.659328e-15 -5.381496e-15
9.600000e+01 -1.869501e-15 -7.278881e-15 -9.591108e-15 -6.261155e-15 -5.144044e-15 -5.304670e-15 -5.407931e-15 -5.172547e-15
9.700000e+01 -1.821313e-15 -7.086054e-15 -9.442883e-15 -6.166793e-15 -4.937209e-15 -5.049193e-15 -5.166405e-15 -4.969845e-15
9.800000e+01 -1.775524e-15 -6.905833e-15 -9.288239e-15 -6.081816e-15 -4.747069e-15 -4.807798e-15 -4.934581e-15 -4.773346e-15
9.900000e+01 -1.732166e-15 -6.737690e-15 -9.127464e-15 -6.004788e-15 -4.572609e-15 -4.580025e-15 -4.712290e-15 -4.583007e-15
1.000000e+02 -1.691202e-15 -6.580908e-15 -8.960936e-15 -5.934378e-15 -4.412833e-15 -4.365400e-15 -4.499361e-15 -4.398790e-15
