2.000000e+00 8.155228e-14
3.000000e+00 5.940415e-14
4.000000e+00 4.761446e-14
6.000000e+00 3.569425e-14
1.000000e+01 2.635203e-14
1.500000e+01 2.064412e-14
2.300000e+01 1.272345e-14
3.500000e+01 4.505885e-15
5.300000e+01 2.609839e-15
8.100000e+01 1.384451e-15
1.220000e+02 6.881827e-16
1.850000e+02 2.842925e-16
2.790000e+02 8.970643e-17
4.220000e+02 2.760203e-17
6.370000e+02 8.616324e-18
9.620000e+02 2.025159e-18
1.453000e+03 4.490193e-19
2.194000e+03 9.206520e-20
3.312000e+03 1.768397e-20
5.000000e+03 3.234230e-21
