2.000000e+00 1.244578e-19
3.000000e+00 1.721640e-19
4.000000e+00 2.193310e-19
5.000000e+00 2.660523e-19
6.000000e+00 3.123800e-19
7.000000e+00 3.583442e-19
8.000000e+00 4.039628e-19
9.000000e+00 4.492453e-19
1.000000e+01 4.941961e-19
1.100000e+01 5.388157e-19
1.200000e+01 5.830967e-19
1.300000e+01 6.270390e-19
1.400000e+01 6.706353e-19
1.500000e+01 7.138837e-19
1.600000e+01 7.567753e-19
1.700000e+01 7.992997e-19
1.800000e+01 8.414528e-19
1.900000e+01 8.832243e-19
2.000000e+01 9.246031e-19
2.100000e+01 9.655831e-19
2.200000e+01 1.006158e-18
2.300000e+01 1.046314e-18
2.400000e+01 1.086047e-18
2.500000e+01 1.125346e-18
2.600000e+01 1.164205e-18
2.700000e+01 1.202615e-18
2.800000e+01 1.240569e-18
2.900000e+01 1.278058e-18
3.000000e+01 1.315077e-18
3.100000e+01 1.351620e-18
3.200000e+01 1.387679e-18
3.300000e+01 1.423249e-18
3.400000e+01 1.458324e-18
3.500000e+01 1.492898e-18
3.600000e+01 1.526967e-18
3.700000e+01 1.560527e-18
3.800000e+01 1.593574e-18
3.900000e+01 1.626101e-18
4.000000e+01 1.658109e-18
4.100000e+01 1.689591e-18
4.200000e+01 1.720549e-18
4.300000e+01 1.750977e-18
4.400000e+01 1.780873e-18
4.500000e+01 1.810238e-18
4.600000e+01 1.839068e-18
4.700000e+01 1.867362e-18
4.800000e+01 1.895122e-18
4.900000e+01 1.922347e-18
5.000000e+01 1.949035e-18
5.100000e+01 1.975189e-18
5.200000e+01 2.000808e-18
5.300000e+01 2.025894e-18
5.400000e+01 2.050448e-18
5.500000e+01 2.074468e-18
5.600000e+01 2.097960e-18
5.700000e+01 2.120926e-18
5.800000e+01 2.143366e-18
5.900000e+01 2.165284e-18
6.000000e+01 2.186680e-18
6.100000e+01 2.207561e-18
6.200000e+01 2.227929e-18
6.300000e+01 2.247783e-18
6.400000e+01 2.267131e-18
6.500000e+01 2.285974e-18
6.600000e+01 2.304317e-18
6.700000e+01 2.322165e-18
6.800000e+01 2.339520e-18
6.900000e+01 2.356388e-18
7.000000e+01 2.372770e-18
7.100000e+01 2.388670e-18
7.200000e+01 2.404096e-18
7.300000e+01 2.419053e-18
7.400000e+01 2.433542e-18
7.500000e+01 2.447568e-18
7.600000e+01 2.461140e-18
7.700000e+01 2.474258e-18
7.800000e+01 2.486927e-18
7.900000e+01 2.499154e-18
8.000000e+01 2.510943e-18
8.100000e+01 2.522299e-18
8.200000e+01 2.533226e-18
8.300000e+01 2.543729e-18
8.400000e+01 2.553814e-18
8.500000e+01 2.563486e-18
8.600000e+01 2.572747e-18
8.700000e+01 2.581604e-18
8.800000e+01 2.590063e-18
8.900000e+01 2.598130e-18
9.000000e+01 2.605806e-18
9.100000e+01 2.613095e-18
9.200000e+01 2.620003e-18
9.300000e+01 2.626540e-18
9.400000e+01 2.632705e-18
9.500000e+01 2.638504e-18
9.600000e+01 2.643943e-18
9.700000e+01 2.649024e-18
9.800000e+01 2.653753e-18
9.900000e+01 2.658137e-18
1.000000e+02 2.662181e-18
