2.000000e+00 3.504285e-18
3.000000e+00 4.847692e-18
4.000000e+00 6.176075e-18
5.000000e+00 7.492120e-18
6.000000e+00 8.797338e-18
7.000000e+00 1.009261e-17
8.000000e+00 1.137848e-17
9.000000e+00 1.265527e-17
1.000000e+01 1.392312e-17
1.100000e+01 1.518210e-17
1.200000e+01 1.643203e-17
1.300000e+01 1.767292e-17
1.400000e+01 1.890464e-17
1.500000e+01 2.012709e-17
1.600000e+01 2.134013e-17
1.700000e+01 2.254344e-17
1.800000e+01 2.373693e-17
1.900000e+01 2.492036e-17
2.000000e+01 2.609342e-17
2.100000e+01 2.725593e-17
2.200000e+01 2.840774e-17
2.300000e+01 2.954853e-17
2.400000e+01 3.067807e-17
2.500000e+01 3.179618e-17
2.600000e+01 3.290260e-17
2.700000e+01 3.399716e-17
2.800000e+01 3.507958e-17
2.900000e+01 3.614968e-17
3.000000e+01 3.720724e-17
3.100000e+01 3.825213e-17
3.200000e+01 3.928408e-17
3.300000e+01 4.030300e-17
3.400000e+01 4.130862e-17
3.500000e+01 4.230081e-17
3.600000e+01 4.327943e-17
3.700000e+01 4.424433e-17
3.800000e+01 4.519537e-17
3.900000e+01 4.613238e-17
4.000000e+01 4.705528e-17
4.100000e+01 4.796392e-17
4.200000e+01 4.885823e-17
4.300000e+01 4.973813e-17
4.400000e+01 5.060345e-17
4.500000e+01 5.145417e-17
4.600000e+01 5.229026e-17
4.700000e+01 5.311154e-17
4.800000e+01 5.391802e-17
4.900000e+01 5.470970e-17
5.000000e+01 5.548650e-17
5.100000e+01 5.624839e-17
5.200000e+01 5.699537e-17
5.300000e+01 5.772741e-17
5.400000e+01 5.844452e-17
5.500000e+01 5.914668e-17
5.600000e+01 5.983383e-17
5.700000e+01 6.050618e-17
5.800000e+01 6.116359e-17
5.900000e+01 6.180614e-17
6.000000e+01 6.243387e-17
6.100000e+01 6.304682e-17
6.200000e+01 6.364509e-17
6.300000e+01 6.422865e-17
6.400000e+01 6.479757e-17
6.500000e+01 6.535197e-17
6.600000e+01 6.589188e-17
6.700000e+01 6.641739e-17
6.800000e+01 6.692862e-17
6.900000e+01 6.742564e-17
7.000000e+01 6.790854e-17
7.100000e+01 6.837731e-17
7.200000e+01 6.883210e-17
7.300000e+01 6.927312e-17
7.400000e+01 6.970042e-17
7.500000e+01 7.011402e-17
7.600000e+01 7.051413e-17
7.700000e+01 7.090088e-17
7.800000e+01 7.127430e-17
7.900000e+01 7.163454e-17
8.000000e+01 7.198175e-17
8.100000e+01 7.231603e-17
8.200000e+01 7.263752e-17
8.300000e+01 7.294632e-17
8.400000e+01 7.324257e-17
8.500000e+01 7.352643e-17
8.600000e+01 7.379800e-17
8.700000e+01 7.405739e-17
8.800000e+01 7.430476e-17
8.900000e+01 7.454027e-17
9.000000e+01 7.476410e-17
9.100000e+01 7.497626e-17
9.200000e+01 7.517685e-17
9.300000e+01 7.536612e-17
9.400000e+01 7.554428e-17
9.500000e+01 7.571133e-17
9.600000e+01 7.586743e-17
9.700000e+01 7.601275e-17
9.800000e+01 7.614736e-17
9.900000e+01 7.627145e-17
1.000000e+02 7.638523e-17
