2.000000e+00 5.323122e-17
3.000000e+00 7.363899e-17
4.000000e+00 9.381947e-17
5.000000e+00 1.138137e-16
6.000000e+00 1.336450e-16
7.000000e+00 1.533268e-16
8.000000e+00 1.728679e-16
9.000000e+00 1.922730e-16
1.000000e+01 2.115449e-16
1.100000e+01 2.306845e-16
1.200000e+01 2.496897e-16
1.300000e+01 2.685604e-16
1.400000e+01 2.872949e-16
1.500000e+01 3.058919e-16
1.600000e+01 3.243495e-16
1.700000e+01 3.426631e-16
1.800000e+01 3.608312e-16
1.900000e+01 3.788505e-16
2.000000e+01 3.967163e-16
2.100000e+01 4.144260e-16
2.200000e+01 4.319775e-16
2.300000e+01 4.493659e-16
2.400000e+01 4.665877e-16
2.500000e+01 4.836405e-16
2.600000e+01 5.005199e-16
2.700000e+01 5.172239e-16
2.800000e+01 5.337480e-16
2.900000e+01 5.500896e-16
3.000000e+01 5.662450e-16
3.100000e+01 5.822124e-16
3.200000e+01 5.979877e-16
3.300000e+01 6.135696e-16
3.400000e+01 6.289537e-16
3.500000e+01 6.441379e-16
3.600000e+01 6.591202e-16
3.700000e+01 6.738981e-16
3.800000e+01 6.884694e-16
3.900000e+01 7.028315e-16
4.000000e+01 7.169828e-16
4.100000e+01 7.309209e-16
4.200000e+01 7.446447e-16
4.300000e+01 7.581529e-16
4.400000e+01 7.714427e-16
4.500000e+01 7.845133e-16
4.600000e+01 7.973646e-16
4.700000e+01 8.099933e-16
4.800000e+01 8.223993e-16
4.900000e+01 8.345825e-16
5.000000e+01 8.465416e-16
5.100000e+01 8.582758e-16
5.200000e+01 8.697849e-16
5.300000e+01 8.810681e-16
5.400000e+01 8.921255e-16
5.500000e+01 9.029569e-16
5.600000e+01 9.135601e-16
5.700000e+01 9.239389e-16
5.800000e+01 9.340911e-16
5.900000e+01 9.440170e-16
6.000000e+01 9.537175e-16
6.100000e+01 9.631926e-16
6.200000e+01 9.724437e-16
6.300000e+01 9.814707e-16
6.400000e+01 9.902736e-16
6.500000e+01 9.988544e-16
6.600000e+01 1.007213e-15
6.700000e+01 1.015351e-15
6.800000e+01 1.023270e-15
6.900000e+01 1.030971e-15
7.000000e+01 1.038455e-15
7.100000e+01 1.045721e-15
7.200000e+01 1.052772e-15
7.300000e+01 1.059610e-15
7.400000e+01 1.066237e-15
7.500000e+01 1.072652e-15
7.600000e+01 1.078858e-15
7.700000e+01 1.084858e-15
7.800000e+01 1.090651e-15
7.900000e+01 1.096240e-15
8.000000e+01 1.101626e-15
8.100000e+01 1.106812e-15
8.200000e+01 1.111800e-15
8.300000e+01 1.116590e-15
8.400000e+01 1.121184e-15
8.500000e+01 1.125586e-15
8.600000e+01 1.129796e-15
8.700000e+01 1.133816e-15
8.800000e+01 1.137648e-15
8.900000e+01 1.141296e-15
9.000000e+01 1.144760e-15
9.100000e+01 1.148043e-15
9.200000e+01 1.151145e-15
9.300000e+01 1.154069e-15
9.400000e+01 1.156819e-15
9.500000e+01 1.159396e-15
9.600000e+01 1.161801e-15
9.700000e+01 1.164037e-15
9.800000e+01 1.166105e-15
9.900000e+01 1.168008e-15
1.000000e+02 1.169748e-15
