2.000000e+00 8.642451e-16
3.000000e+00 1.195562e-15
4.000000e+00 1.523172e-15
5.000000e+00 1.847738e-15
6.000000e+00 2.169632e-15
7.000000e+00 2.489070e-15
8.000000e+00 2.806188e-15
9.000000e+00 3.121062e-15
1.000000e+01 3.433730e-15
1.100000e+01 3.744205e-15
1.200000e+01 4.052448e-15
1.300000e+01 4.358456e-15
1.400000e+01 4.662196e-15
1.500000e+01 4.963649e-15
1.600000e+01 5.262773e-15
1.700000e+01 5.559496e-15
1.800000e+01 5.853791e-15
1.900000e+01 6.145600e-15
2.000000e+01 6.434845e-15
2.100000e+01 6.721485e-15
2.200000e+01 7.005481e-15
2.300000e+01 7.286752e-15
2.400000e+01 7.565244e-15
2.500000e+01 7.840910e-15
2.600000e+01 8.113687e-15
2.700000e+01 8.383534e-15
2.800000e+01 8.650383e-15
2.900000e+01 8.914187e-15
3.000000e+01 9.174891e-15
3.100000e+01 9.432466e-15
3.200000e+01 9.686844e-15
3.300000e+01 9.938003e-15
3.400000e+01 1.018588e-14
3.500000e+01 1.043043e-14
3.600000e+01 1.067164e-14
3.700000e+01 1.090945e-14
3.800000e+01 1.114384e-14
3.900000e+01 1.137477e-14
4.000000e+01 1.160221e-14
4.100000e+01 1.182613e-14
4.200000e+01 1.204652e-14
4.300000e+01 1.226334e-14
4.400000e+01 1.247657e-14
4.500000e+01 1.268619e-14
4.600000e+01 1.289220e-14
4.700000e+01 1.309456e-14
4.800000e+01 1.329326e-14
4.900000e+01 1.348831e-14
5.000000e+01 1.367969e-14
5.100000e+01 1.386739e-14
5.200000e+01 1.405141e-14
5.300000e+01 1.423174e-14
5.400000e+01 1.440840e-14
5.500000e+01 1.458136e-14
5.600000e+01 1.475062e-14
5.700000e+01 1.491623e-14
5.800000e+01 1.507816e-14
5.900000e+01 1.523642e-14
6.000000e+01 1.539103e-14
6.100000e+01 1.554200e-14
6.200000e+01 1.568934e-14
6.300000e+01 1.583306e-14
6.400000e+01 1.597317e-14
6.500000e+01 1.610971e-14
6.600000e+01 1.624267e-14
6.700000e+01 1.637208e-14
6.800000e+01 1.649798e-14
6.900000e+01 1.662037e-14
7.000000e+01 1.673928e-14
7.100000e+01 1.685472e-14
7.200000e+01 1.696671e-14
7.300000e+01 1.707530e-14
7.400000e+01 1.718052e-14
7.500000e+01 1.728236e-14
7.600000e+01 1.738089e-14
7.700000e+01 1.747612e-14
7.800000e+01 1.756807e-14
7.900000e+01 1.765677e-14
8.000000e+01 1.774227e-14
8.100000e+01 1.782458e-14
8.200000e+01 1.790375e-14
8.300000e+01 1.797979e-14
8.400000e+01 1.805274e-14
8.500000e+01 1.812264e-14
8.600000e+01 1.818951e-14
8.700000e+01 1.825339e-14
8.800000e+01 1.831431e-14
8.900000e+01 1.837232e-14
9.000000e+01 1.842744e-14
9.100000e+01 1.847970e-14
9.200000e+01 1.852911e-14
9.300000e+01 1.857573e-14
9.400000e+01 1.861962e-14
9.500000e+01 1.866078e-14
9.600000e+01 1.869924e-14
9.700000e+01 1.873505e-14
9.800000e+01 1.876823e-14
9.900000e+01 1.879881e-14
1.000000e+02 1.882687e-14
