2.000000e+00 1.065549e-16
3.000000e+00 1.473911e-16
4.000000e+00 1.877583e-16
5.000000e+00 2.277345e-16
6.000000e+00 2.673625e-16
7.000000e+00 3.066662e-16
8.000000e+00 3.456591e-16
9.000000e+00 3.843476e-16
1.000000e+01 4.227339e-16
1.100000e+01 4.608166e-16
1.200000e+01 4.985878e-16
1.300000e+01 5.360470e-16
1.400000e+01 5.731859e-16
1.500000e+01 6.100026e-16
1.600000e+01 6.464867e-16
1.700000e+01 6.826300e-16
1.800000e+01 7.184277e-16
1.900000e+01 7.538693e-16
2.000000e+01 7.889456e-16
2.100000e+01 8.236517e-16
2.200000e+01 8.579804e-16
2.300000e+01 8.919197e-16
2.400000e+01 9.254671e-16
2.500000e+01 9.586115e-16
2.600000e+01 9.913498e-16
2.700000e+01 1.023673e-15
2.800000e+01 1.055577e-15
2.900000e+01 1.087053e-15
3.000000e+01 1.118098e-15
3.100000e+01 1.148707e-15
3.200000e+01 1.178876e-15
3.300000e+01 1.208599e-15
3.400000e+01 1.237872e-15
3.500000e+01 1.266693e-15
3.600000e+01 1.295058e-15
3.700000e+01 1.322966e-15
3.800000e+01 1.350413e-15
3.900000e+01 1.377397e-15
4.000000e+01 1.403917e-15
4.100000e+01 1.429972e-15
4.200000e+01 1.455563e-15
4.300000e+01 1.480686e-15
4.400000e+01 1.505342e-15
4.500000e+01 1.529534e-15
4.600000e+01 1.553259e-15
4.700000e+01 1.576519e-15
4.800000e+01 1.599316e-15
4.900000e+01 1.621652e-15
5.000000e+01 1.643526e-15
5.100000e+01 1.664943e-15
5.200000e+01 1.685903e-15
5.300000e+01 1.706411e-15
5.400000e+01 1.726465e-15
5.500000e+01 1.746071e-15
5.600000e+01 1.765234e-15
5.700000e+01 1.783952e-15
5.800000e+01 1.802233e-15
5.900000e+01 1.820077e-15
6.000000e+01 1.837491e-15
6.100000e+01 1.854477e-15
6.200000e+01 1.871038e-15
6.300000e+01 1.887178e-15
6.400000e+01 1.902903e-15
6.500000e+01 1.918215e-15
6.600000e+01 1.933120e-15
6.700000e+01 1.947621e-15
6.800000e+01 1.961724e-15
6.900000e+01 1.975431e-15
7.000000e+01 1.988745e-15
7.100000e+01 2.001674e-15
7.200000e+01 2.014222e-15
7.300000e+01 2.026391e-15
7.400000e+01 2.038187e-15
7.500000e+01 2.049615e-15
7.600000e+01 2.060678e-15
7.700000e+01 2.071380e-15
7.800000e+01 2.081727e-15
7.900000e+01 2.091722e-15
8.000000e+01 2.101369e-15
8.100000e+01 2.110674e-15
8.200000e+01 2.119639e-15
8.300000e+01 2.128269e-15
8.400000e+01 2.136569e-15
8.500000e+01 2.144542e-15
8.600000e+01 2.152192e-15
8.700000e+01 2.159524e-15
8.800000e+01 2.166543e-15
8.900000e+01 2.173250e-15
9.000000e+01 2.179648e-15
9.100000e+01 2.185743e-15
9.200000e+01 2.191541e-15
9.300000e+01 2.197043e-15
9.400000e+01 2.202252e-15
9.500000e+01 2.207174e-15
9.600000e+01 2.211809e-15
9.700000e+01 2.216163e-15
9.800000e+01 2.220243e-15
9.900000e+01 2.224048e-15
1.000000e+02 2.227579e-15
