2.000000e+00 1.547523e-16
3.000000e+00 2.140837e-16
4.000000e+00 2.727567e-16
5.000000e+00 3.308914e-16
6.000000e+00 3.885560e-16
7.000000e+00 4.457904e-16
8.000000e+00 5.026205e-16
9.000000e+00 5.590609e-16
1.000000e+01 6.151200e-16
1.100000e+01 6.708011e-16
1.200000e+01 7.260991e-16
1.300000e+01 7.810131e-16
1.400000e+01 8.355398e-16
1.500000e+01 8.896749e-16
1.600000e+01 9.434139e-16
1.700000e+01 9.967435e-16
1.800000e+01 1.049660e-15
1.900000e+01 1.102154e-15
2.000000e+01 1.154212e-15
2.100000e+01 1.205827e-15
2.200000e+01 1.256993e-15
2.300000e+01 1.307697e-15
2.400000e+01 1.357927e-15
2.500000e+01 1.407678e-15
2.600000e+01 1.456935e-15
2.700000e+01 1.505696e-15
2.800000e+01 1.553944e-15
2.900000e+01 1.601675e-15
3.000000e+01 1.648875e-15
3.100000e+01 1.695541e-15
3.200000e+01 1.741660e-15
3.300000e+01 1.787228e-15
3.400000e+01 1.832233e-15
3.500000e+01 1.876668e-15
3.600000e+01 1.920527e-15
3.700000e+01 1.963803e-15
3.800000e+01 2.006488e-15
3.900000e+01 2.048576e-15
4.000000e+01 2.090061e-15
4.100000e+01 2.130936e-15
4.200000e+01 2.171197e-15
4.300000e+01 2.210840e-15
4.400000e+01 2.249857e-15
4.500000e+01 2.288244e-15
4.600000e+01 2.326002e-15
4.700000e+01 2.363120e-15
4.800000e+01 2.399596e-15
4.900000e+01 2.435431e-15
5.000000e+01 2.470621e-15
5.100000e+01 2.505161e-15
5.200000e+01 2.539051e-15
5.300000e+01 2.572289e-15
5.400000e+01 2.604873e-15
5.500000e+01 2.636803e-15
5.600000e+01 2.668072e-15
5.700000e+01 2.698689e-15
5.800000e+01 2.728650e-15
5.900000e+01 2.757953e-15
6.000000e+01 2.786600e-15
6.100000e+01 2.814591e-15
6.200000e+01 2.841929e-15
6.300000e+01 2.868614e-15
6.400000e+01 2.894645e-15
6.500000e+01 2.920026e-15
6.600000e+01 2.944760e-15
6.700000e+01 2.968846e-15
6.800000e+01 2.992290e-15
6.900000e+01 3.015094e-15
7.000000e+01 3.037261e-15
7.100000e+01 3.058792e-15
7.200000e+01 3.079687e-15
7.300000e+01 3.099956e-15
7.400000e+01 3.119603e-15
7.500000e+01 3.138626e-15
7.600000e+01 3.157032e-15
7.700000e+01 3.174829e-15
7.800000e+01 3.192017e-15
7.900000e+01 3.208599e-15
8.000000e+01 3.224582e-15
8.100000e+01 3.239972e-15
8.200000e+01 3.254772e-15
8.300000e+01 3.268987e-15
8.400000e+01 3.282622e-15
8.500000e+01 3.295683e-15
8.600000e+01 3.308175e-15
8.700000e+01 3.320103e-15
8.800000e+01 3.331471e-15
8.900000e+01 3.342287e-15
9.000000e+01 3.352559e-15
9.100000e+01 3.362290e-15
9.200000e+01 3.371482e-15
9.300000e+01 3.380140e-15
9.400000e+01 3.388279e-15
9.500000e+01 3.395901e-15
9.600000e+01 3.403008e-15
9.700000e+01 3.409610e-15
9.800000e+01 3.415711e-15
9.900000e+01 3.421316e-15
1.000000e+02 3.426434e-15
