2.000000e+00 1.519529e-16
3.000000e+00 2.102150e-16
4.000000e+00 2.678346e-16
5.000000e+00 3.249306e-16
6.000000e+00 3.815710e-16
7.000000e+00 4.377960e-16
8.000000e+00 4.936320e-16
9.000000e+00 5.490944e-16
1.000000e+01 6.041923e-16
1.100000e+01 6.589298e-16
1.200000e+01 7.133032e-16
1.300000e+01 7.673118e-16
1.400000e+01 8.209535e-16
1.500000e+01 8.742241e-16
1.600000e+01 9.271211e-16
1.700000e+01 9.796315e-16
1.800000e+01 1.031752e-15
1.900000e+01 1.083475e-15
2.000000e+01 1.134787e-15
2.100000e+01 1.185681e-15
2.200000e+01 1.236153e-15
2.300000e+01 1.286190e-15
2.400000e+01 1.335780e-15
2.500000e+01 1.384919e-15
2.600000e+01 1.433593e-15
2.700000e+01 1.481799e-15
2.800000e+01 1.529522e-15
2.900000e+01 1.576757e-15
3.000000e+01 1.623490e-15
3.100000e+01 1.669719e-15
3.200000e+01 1.715431e-15
3.300000e+01 1.760622e-15
3.400000e+01 1.805281e-15
3.500000e+01 1.849398e-15
3.600000e+01 1.892969e-15
3.700000e+01 1.935987e-15
3.800000e+01 1.978443e-15
3.900000e+01 2.020332e-15
4.000000e+01 2.061645e-15
4.100000e+01 2.102378e-15
4.200000e+01 2.142523e-15
4.300000e+01 2.182078e-15
4.400000e+01 2.221034e-15
4.500000e+01 2.259386e-15
4.600000e+01 2.297134e-15
4.700000e+01 2.334268e-15
4.800000e+01 2.370784e-15
4.900000e+01 2.406682e-15
5.000000e+01 2.441958e-15
5.100000e+01 2.476606e-15
5.200000e+01 2.510625e-15
5.300000e+01 2.544012e-15
5.400000e+01 2.576764e-15
5.500000e+01 2.608883e-15
5.600000e+01 2.640357e-15
5.700000e+01 2.671193e-15
5.800000e+01 2.701392e-15
5.900000e+01 2.730946e-15
6.000000e+01 2.759858e-15
6.100000e+01 2.788127e-15
6.200000e+01 2.815753e-15
6.300000e+01 2.842738e-15
6.400000e+01 2.869078e-15
6.500000e+01 2.894777e-15
6.600000e+01 2.919835e-15
6.700000e+01 2.944253e-15
6.800000e+01 2.968033e-15
6.900000e+01 2.991178e-15
7.000000e+01 3.013689e-15
7.100000e+01 3.035568e-15
7.200000e+01 3.056812e-15
7.300000e+01 3.077427e-15
7.400000e+01 3.097422e-15
7.500000e+01 3.116794e-15
7.600000e+01 3.135543e-15
7.700000e+01 3.153679e-15
7.800000e+01 3.171204e-15
7.900000e+01 3.188118e-15
8.000000e+01 3.204426e-15
8.100000e+01 3.220134e-15
8.200000e+01 3.235246e-15
8.300000e+01 3.249764e-15
8.400000e+01 3.263692e-15
8.500000e+01 3.277037e-15
8.600000e+01 3.289803e-15
8.700000e+01 3.301993e-15
8.800000e+01 3.313613e-15
8.900000e+01 3.324667e-15
9.000000e+01 3.335163e-15
9.100000e+01 3.345107e-15
9.200000e+01 3.354499e-15
9.300000e+01 3.363343e-15
9.400000e+01 3.371648e-15
9.500000e+01 3.379424e-15
9.600000e+01 3.386671e-15
9.700000e+01 3.393396e-15
9.800000e+01 3.399604e-15
9.900000e+01 3.405299e-15
1.000000e+02 3.410489e-15
