2.000000e+00 1.928561e-38
3.000000e+00 2.667600e-38
4.000000e+00 3.398088e-38
5.000000e+00 4.121424e-38
6.000000e+00 4.838362e-38
7.000000e+00 5.549322e-38
8.000000e+00 6.254533e-38
9.000000e+00 6.954098e-38
1.000000e+01 7.648042e-38
1.100000e+01 8.336322e-38
1.200000e+01 9.018793e-38
1.300000e+01 9.695432e-38
1.400000e+01 1.036608e-37
1.500000e+01 1.103069e-37
1.600000e+01 1.168907e-37
1.700000e+01 1.234107e-37
1.800000e+01 1.298658e-37
1.900000e+01 1.362542e-37
2.000000e+01 1.425741e-37
2.100000e+01 1.488248e-37
2.200000e+01 1.550046e-37
2.300000e+01 1.611117e-37
2.400000e+01 1.671455e-37
2.500000e+01 1.731040e-37
2.600000e+01 1.789867e-37
2.700000e+01 1.847921e-37
2.800000e+01 1.905191e-37
2.900000e+01 1.961666e-37
3.000000e+01 2.017342e-37
3.100000e+01 2.072207e-37
3.200000e+01 2.126256e-37
3.300000e+01 2.179478e-37
3.400000e+01 2.231869e-37
3.500000e+01 2.283426e-37
3.600000e+01 2.334143e-37
3.700000e+01 2.384016e-37
3.800000e+01 2.433043e-37
3.900000e+01 2.481220e-37
4.000000e+01 2.528546e-37
4.100000e+01 2.575023e-37
4.200000e+01 2.620650e-37
4.300000e+01 2.665424e-37
4.400000e+01 2.709350e-37
4.500000e+01 2.752429e-37
4.600000e+01 2.794659e-37
4.700000e+01 2.836049e-37
4.800000e+01 2.876601e-37
4.900000e+01 2.916318e-37
5.000000e+01 2.955204e-37
5.100000e+01 2.993265e-37
5.200000e+01 3.030505e-37
5.300000e+01 3.066931e-37
5.400000e+01 3.102544e-37
5.500000e+01 3.137356e-37
5.600000e+01 3.171374e-37
5.700000e+01 3.204599e-37
5.800000e+01 3.237042e-37
5.900000e+01 3.268709e-37
6.000000e+01 3.299609e-37
6.100000e+01 3.329750e-37
6.200000e+01 3.359135e-37
6.300000e+01 3.387776e-37
6.400000e+01 3.415679e-37
6.500000e+01 3.442853e-37
6.600000e+01 3.469308e-37
6.700000e+01 3.495050e-37
6.800000e+01 3.520088e-37
6.900000e+01 3.544426e-37
7.000000e+01 3.568073e-37
7.100000e+01 3.591043e-37
7.200000e+01 3.613342e-37
7.300000e+01 3.634973e-37
7.400000e+01 3.655949e-37
7.500000e+01 3.676279e-37
7.600000e+01 3.695965e-37
7.700000e+01 3.715020e-37
7.800000e+01 3.733449e-37
7.900000e+01 3.751262e-37
8.000000e+01 3.768464e-37
8.100000e+01 3.785063e-37
8.200000e+01 3.801068e-37
8.300000e+01 3.816485e-37
8.400000e+01 3.831322e-37
8.500000e+01 3.845584e-37
8.600000e+01 3.859279e-37
8.700000e+01 3.872418e-37
8.800000e+01 3.885005e-37
8.900000e+01 3.897043e-37
9.000000e+01 3.908539e-37
9.100000e+01 3.919506e-37
9.200000e+01 3.929948e-37
9.300000e+01 3.939869e-37
9.400000e+01 3.949277e-37
9.500000e+01 3.958176e-37
9.600000e+01 3.966573e-37
9.700000e+01 3.974478e-37
9.800000e+01 3.981897e-37
9.900000e+01 3.988830e-37
1.000000e+02 3.995281e-37
