2.000000e+00 8.157981e-14 3.054858e-13 3.424585e-13 2.566181e-13 1.801629e-13 1.271776e-13 9.130235e-14 6.663445e-14
3.000000e+00 5.942421e-14 2.199628e-13 2.452063e-13 1.832342e-13 1.284292e-13 9.055927e-14 6.496358e-14 4.738510e-14
4.000000e+00 4.763053e-14 1.739220e-13 1.925434e-13 1.433779e-13 1.002809e-13 7.061134e-14 5.060329e-14 3.688352e-14
5.000000e+00 4.045627e-14 1.455964e-13 1.599241e-13 1.186028e-13 8.274554e-14 5.816639e-14 4.163513e-14 3.032025e-14
6.000000e+00 3.570629e-14 1.266822e-13 1.379912e-13 1.018778e-13 7.087761e-14 4.972892e-14 3.554719e-14 2.586065e-14
7.000000e+00 3.235890e-14 1.133211e-13 1.223989e-13 8.993829e-14 6.238194e-14 4.367728e-14 3.117461e-14 2.265426e-14
8.000000e+00 2.987415e-14 1.034783e-13 1.108589e-13 8.106651e-14 5.605121e-14 3.915856e-14 2.790470e-14 2.025372e-14
9.000000e+00 2.793901e-14 9.597652e-14 1.020512e-13 7.427301e-14 5.119037e-14 3.568182e-14 2.538485e-14 1.840158e-14
1.000000e+01 2.636093e-14 9.008881e-14 9.515878e-14 6.894437e-14 4.736820e-14 3.294244e-14 2.339623e-14 1.693806e-14
1.100000e+01 2.501452e-14 8.533714e-14 8.964922e-14 6.468320e-14 4.430626e-14 3.074400e-14 2.179788e-14 1.576029e-14
1.200000e+01 2.381802e-14 8.139894e-14 8.515641e-14 6.121412e-14 4.181107e-14 2.895010e-14 2.049207e-14 1.479716e-14
1.300000e+01 2.271508e-14 7.805104e-14 8.143245e-14 5.835166e-14 3.975195e-14 2.746792e-14 1.941175e-14 1.399942e-14
1.400000e+01 2.166797e-14 7.512817e-14 7.829128e-14 5.595833e-14 3.803362e-14 2.623087e-14 1.850938e-14 1.333244e-14
1.500000e+01 2.065109e-14 7.251160e-14 7.559648e-14 5.393097e-14 3.658337e-14 2.518756e-14 1.774811e-14 1.276939e-14
1.600000e+01 1.964851e-14 7.011042e-14 7.324349e-14 5.219239e-14 3.534760e-14 2.430039e-14 1.710103e-14 1.229068e-14
1.700000e+01 1.865055e-14 6.785872e-14 7.115321e-14 5.068182e-14 3.428326e-14 2.353893e-14 1.654635e-14 1.188048e-14
1.800000e+01 1.765299e-14 6.570499e-14 6.926233e-14 4.935255e-14 3.335812e-14 2.288065e-14 1.606796e-14 1.152702e-14
1.900000e+01 1.665504e-14 6.361272e-14 6.752255e-14 4.816664e-14 3.254506e-14 2.230630e-14 1.565206e-14 1.122028e-14
2.000000e+01 1.565889e-14 6.155323e-14 6.589533e-14 4.709507e-14 3.182381e-14 2.180160e-14 1.528836e-14 1.095272e-14
2.100000e+01 1.466852e-14 5.950732e-14 6.434896e-14 4.611250e-14 3.117659e-14 2.135418e-14 1.496813e-14 1.071806e-14
2.200000e+01 1.368940e-14 5.746079e-14 6.285987e-14 4.520002e-14 3.058955e-14 2.095395e-14 1.468399e-14 1.051084e-14
2.300000e+01 1.272774e-14 5.540519e-14 6.140771e-14 4.434090e-14 3.005105e-14 2.059293e-14 1.443033e-14 1.032703e-14
2.400000e+01 1.179013e-14 5.333582e-14 5.997747e-14 4.352197e-14 2.955124e-14 2.026393e-14 1.420191e-14 1.016280e-14
2.500000e+01 1.088318e-14 5.125133e-14 5.855689e-14 4.273224e-14 2.908214e-14 1.996131e-14 1.399470e-14 1.001519e-14
2.600000e+01 1.001320e-14 4.915307e-14 5.713673e-14 4.196256e-14 2.863684e-14 1.968007e-14 1.380508e-14 9.881578e-15
2.700000e+01 9.185939e-15 4.704449e-14 5.571012e-14 4.120556e-14 2.820963e-14 1.941604e-14 1.363002e-14 9.759736e-15
2.800000e+01 8.406416e-15 4.493055e-14 5.427215e-14 4.045519e-14 2.779570e-14 1.916569e-14 1.346694e-14 9.647772e-15
2.900000e+01 7.678786e-15 4.281766e-14 5.281927e-14 3.970645e-14 2.739099e-14 1.892598e-14 1.331363e-14 9.544051e-15
3.000000e+01 7.006208e-15 4.071330e-14 5.134987e-14 3.895519e-14 2.699187e-14 1.869421e-14 1.316810e-14 9.447126e-15
3.100000e+01 6.390800e-15 3.862515e-14 4.986359e-14 3.819883e-14 2.659571e-14 1.846817e-14 1.302864e-14 9.355699e-15
3.200000e+01 5.833648e-15 3.656150e-14 4.836037e-14 3.743475e-14 2.620019e-14 1.824616e-14 1.289400e-14 9.268838e-15
3.300000e+01 5.334808e-15 3.453079e-14 4.684160e-14 3.666108e-14 2.580308e-14 1.802633e-14 1.276280e-14 9.185534e-15
3.400000e+01 4.893333e-15 3.254128e-14 4.530937e-14 3.587683e-14 2.540287e-14 1.780730e-14 1.263392e-14 9.104909e-15
3.500000e+01 4.507406e-15 3.060100e-14 4.376615e-14 3.508134e-14 2.499834e-14 1.758798e-14 1.250648e-14 9.026291e-15
3.600000e+01 4.174357e-15 2.871757e-14 4.221499e-14 3.427422e-14 2.458841e-14 1.736737e-14 1.237969e-14 8.949070e-15
3.700000e+01 3.890871e-15 2.689801e-14 4.065939e-14 3.345569e-14 2.417230e-14 1.714457e-14 1.225278e-14 8.872654e-15
3.800000e+01 3.653031e-15 2.514882e-14 3.910289e-14 3.262606e-14 2.374956e-14 1.691900e-14 1.212522e-14 8.796576e-15
3.900000e+01 3.456500e-15 2.347562e-14 3.754967e-14 3.178600e-14 2.331964e-14 1.668998e-14 1.199645e-14 8.720427e-15
4.000000e+01 3.296659e-15 2.188330e-14 3.600368e-14 3.093660e-14 2.288257e-14 1.645716e-14 1.186602e-14 8.643786e-15
4.100000e+01 3.168691e-15 2.037586e-14 3.446912e-14 3.007886e-14 2.243822e-14 1.622022e-14 1.173364e-14 8.566419e-15
4.200000e+01 3.067744e-15 1.895640e-14 3.295017e-14 2.921417e-14 2.198674e-14 1.597888e-14 1.159896e-14 8.488003e-15
4.300000e+01 2.989131e-15 1.762716e-14 3.145080e-14 2.834393e-14 2.152839e-14 1.573305e-14 1.146177e-14 8.408330e-15
4.400000e+01 2.928156e-15 1.638949e-14 2.997505e-14 2.746958e-14 2.106341e-14 1.548261e-14 1.132190e-14 8.327221e-15
4.500000e+01 2.880684e-15 1.524384e-14 2.852692e-14 2.659284e-14 2.059221e-14 1.522749e-14 1.117913e-14 8.244471e-15
4.600000e+01 2.842761e-15 1.418979e-14 2.711000e-14 2.571552e-14 2.011541e-14 1.496780e-14 1.103339e-14 8.159947e-15
4.700000e+01 2.810779e-15 1.322616e-14 2.572778e-14 2.483922e-14 1.963357e-14 1.470370e-14 1.088470e-14 8.073596e-15
4.800000e+01 2.781916e-15 1.235100e-14 2.438350e-14 2.396580e-14 1.914724e-14 1.443524e-14 1.073296e-14 7.985317e-15
4.900000e+01 2.753434e-15 1.156166e-14 2.308007e-14 2.309699e-14 1.865721e-14 1.416270e-14 1.057819e-14 7.895032e-15
5.000000e+01 2.723363e-15 1.085490e-14 2.182022e-14 2.223454e-14 1.816411e-14 1.388626e-14 1.042045e-14 7.802745e-15
5.100000e+01 2.690207e-15 1.022685e-14 2.060631e-14 2.138024e-14 1.766873e-14 1.360619e-14 1.025977e-14 7.708395e-15
5.200000e+01 2.652875e-15 9.673259e-15 1.944036e-14 2.053576e-14 1.717187e-14 1.332281e-14 1.009625e-14 7.612003e-15
5.300000e+01 2.610720e-15 9.189392e-15 1.832412e-14 1.970274e-14 1.667426e-14 1.303642e-14 9.930001e-15 7.513590e-15
5.400000e+01 2.563388e-15 8.770276e-15 1.725899e-14 1.888278e-14 1.617676e-14 1.274735e-14 9.761111e-15 7.413154e-15
5.500000e+01 2.511224e-15 8.410671e-15 1.624606e-14 1.807740e-14 1.568016e-14 1.245598e-14 9.589761e-15 7.310762e-15
5.600000e+01 2.454559e-15 8.105189e-15 1.528606e-14 1.728809e-14 1.518530e-14 1.216266e-14 9.416069e-15 7.206453e-15
5.700000e+01 2.393839e-15 7.848354e-15 1.437943e-14 1.651613e-14 1.469299e-14 1.186784e-14 9.240252e-15 7.100304e-15
5.800000e+01 2.330014e-15 7.634721e-15 1.352630e-14 1.576280e-14 1.420398e-14 1.157186e-14 9.062472e-15 6.992406e-15
5.900000e+01 2.264257e-15 7.458875e-15 1.272647e-14 1.502929e-14 1.371908e-14 1.127513e-14 8.882894e-15 6.882804e-15
6.000000e+01 2.197245e-15 7.315501e-15 1.197947e-14 1.431662e-14 1.323907e-14 1.097807e-14 8.701740e-15 6.771605e-15
6.100000e+01 2.130060e-15 7.199520e-15 1.128455e-14 1.362572e-14 1.276464e-14 1.068110e-14 8.519224e-15 6.658917e-15
6.200000e+01 2.063668e-15 7.106189e-15 1.064071e-14 1.295745e-14 1.229650e-14 1.038459e-14 8.335536e-15 6.544837e-15
6.300000e+01 1.999023e-15 7.030801e-15 1.004671e-14 1.231255e-14 1.183537e-14 1.008895e-14 8.150872e-15 6.429448e-15
6.400000e+01 1.936786e-15 6.969181e-15 9.501088e-15 1.169159e-14 1.138190e-14 9.794632e-15 7.965504e-15 6.312894e-15
6.500000e+01 1.877703e-15 6.917457e-15 9.002213e-15 1.109509e-14 1.093667e-14 9.501990e-15 7.779638e-15 6.195305e-15
6.600000e+01 1.822311e-15 6.872125e-15 8.548242e-15 1.052344e-14 1.050026e-14 9.211404e-15 7.593469e-15 6.076772e-15
6.700000e+01 1.770905e-15 6.829941e-15 8.137189e-15 9.976903e-15 1.007323e-14 8.923274e-15 7.407241e-15 5.957426e-15
6.800000e+01 1.723717e-15 6.788278e-15 7.766937e-15 9.455647e-15 9.656050e-15 8.637945e-15 7.221170e-15 5.837403e-15
6.900000e+01 1.680783e-15 6.744782e-15 7.435263e-15 8.959728e-15 9.249188e-15 8.355781e-15 7.035469e-15 5.716815e-15
7.000000e+01 1.642025e-15 6.697518e-15 7.139863e-15 8.489108e-15 8.853041e-15 8.077112e-15 6.850362e-15 5.595801e-15
7.100000e+01 1.607233e-15 6.644840e-15 6.878358e-15 8.043654e-15 8.467994e-15 7.802260e-15 6.666046e-15 5.474477e-15
7.200000e+01 1.576091e-15 6.585639e-15 6.648346e-15 7.623134e-15 8.094378e-15 7.531554e-15 6.482748e-15 5.352977e-15
7.300000e+01 1.548201e-15 6.519070e-15 6.447375e-15 7.227222e-15 7.732471e-15 7.265286e-15 6.300675e-15 5.231438e-15
7.400000e+01 1.523109e-15 6.444605e-15 6.272991e-15 6.855504e-15 7.382497e-15 7.003722e-15 6.120023e-15 5.109986e-15
7.500000e+01 1.500320e-15 6.362045e-15 6.122778e-15 6.507500e-15 7.044649e-15 6.747105e-15 5.940968e-15 4.988736e-15
7.600000e+01 1.479325e-15 6.271436e-15 5.994342e-15 6.182655e-15 6.719094e-15 6.495689e-15 5.763695e-15 4.867801e-15
7.700000e+01 1.459622e-15 6.173079e-15 5.885341e-15 5.880346e-15 6.405945e-15 6.249707e-15 5.588399e-15 4.747315e-15
7.800000e+01 1.440738e-15 6.067478e-15 5.793491e-15 5.599888e-15 6.105264e-15 6.009358e-15 5.415254e-15 4.627407e-15
7.900000e+01 1.422236e-15 5.955312e-15 5.716590e-15 5.340539e-15 5.817080e-15 5.774821e-15 5.244418e-15 4.508185e-15
8.000000e+01 1.403734e-15 5.837401e-15 5.652535e-15 5.101511e-15 5.541386e-15 5.546264e-15 5.076044e-15 4.389759e-15
8.100000e+01 1.384918e-15 5.714664e-15 5.599318e-15 4.881981e-15 5.278137e-15 5.323836e-15 4.910283e-15 4.272240e-15
8.200000e+01 1.365542e-15 5.588101e-15 5.555039e-15 4.681080e-15 5.027248e-15 5.107667e-15 4.747279e-15 4.155742e-15
8.300000e+01 1.345433e-15 5.458770e-15 5.517917e-15 4.497913e-15 4.788600e-15 4.897858e-15 4.587157e-15 4.040364e-15
8.400000e+01 1.324490e-15 5.327731e-15 5.486299e-15 4.331568e-15 4.562046e-15 4.694502e-15 4.430035e-15 3.926201e-15
8.500000e+01 1.302683e-15 5.196036e-15 5.458658e-15 4.181107e-15 4.347408e-15 4.497674e-15 4.276032e-15 3.813350e-15
8.600000e+01 1.280046e-15 5.064713e-15 5.433605e-15 4.045580e-15 4.144471e-15 4.307423e-15 4.125249e-15 3.701904e-15
8.700000e+01 1.256666e-15 4.934743e-15 5.409871e-15 3.924043e-15 3.953001e-15 4.123783e-15 3.977777e-15 3.591947e-15
8.800000e+01 1.232677e-15 4.807031e-15 5.386335e-15 3.815541e-15 3.772743e-15 3.946778e-15 3.833703e-15 3.483559e-15
8.900000e+01 1.208250e-15 4.682397e-15 5.362010e-15 3.719116e-15 3.603408e-15 3.776411e-15 3.693107e-15 3.376823e-15
9.000000e+01 1.183579e-15 4.561572e-15 5.336034e-15 3.633841e-15 3.444691e-15 3.612664e-15 3.556049e-15 3.271808e-15
9.100000e+01 1.158872e-15 4.445182e-15 5.307677e-15 3.558789e-15 3.296273e-15 3.455513e-15 3.422595e-15 3.168583e-15
9.200000e+01 1.134344e-15 4.333744e-15 5.276337e-15 3.493053e-15 3.157806e-15 3.304907e-15 3.292794e-15 3.067221e-15
9.300000e+01 1.110194e-15 4.227660e-15 5.241530e-15 3.435749e-15 3.028943e-15 3.160787e-15 3.166674e-15 2.967766e-15
9.400000e+01 1.086618e-15 4.127217e-15 5.202886e-15 3.386019e-15 2.909315e-15 3.023084e-15 3.044276e-15 2.870277e-15
9.500000e+01 1.063779e-15 4.032607e-15 5.160137e-15 3.343035e-15 2.798542e-15 2.891709e-15 2.925619e-15 2.774805e-15
9.600000e+01 1.041815e-15 3.943899e-15 5.113124e-15 3.305997e-15 2.696239e-15 2.766568e-15 2.810720e-15 2.681392e-15
9.700000e+01 1.020835e-15 3.861075e-15 5.061778e-15 3.274141e-15 2.602013e-15 2.647550e-15 2.699586e-15 2.590082e-15
9.800000e+01 1.000906e-15 3.784006e-15 5.006114e-15 3.246743e-15 2.515465e-15 2.534530e-15 2.592209e-15 2.500903e-15
9.900000e+01 9.820704e-16 3.712515e-15 4.946234e-15 3.223116e-15 2.436196e-15 2.427384e-15 2.488584e-15 2.413885e-15
1.000000e+02 9.643276e-16 3.646312e-15 4.882293e-15 3.202609e-15 2.363805e-15 2.325974e-15 2.388696e-15 2.329058e-15
