2.000000e+00 3.048640e-17
3.000000e+00 4.217299e-17
4.000000e+00 5.372822e-17
5.000000e+00 6.517525e-17
6.000000e+00 7.652704e-17
7.000000e+00 8.779109e-17
8.000000e+00 9.897201e-17
9.000000e+00 1.100723e-16
1.000000e+01 1.210933e-16
1.100000e+01 1.320351e-16
1.200000e+01 1.428963e-16
1.300000e+01 1.536767e-16
1.400000e+01 1.643749e-16
1.500000e+01 1.749904e-16
1.600000e+01 1.855213e-16
1.700000e+01 1.959651e-16
1.800000e+01 2.063208e-16
1.900000e+01 2.165862e-16
2.000000e+01 2.267584e-16
2.100000e+01 2.368361e-16
2.200000e+01 2.468177e-16
2.300000e+01 2.567003e-16
2.400000e+01 2.664821e-16
2.500000e+01 2.761612e-16
2.600000e+01 2.857356e-16
2.700000e+01 2.952037e-16
2.800000e+01 3.045632e-16
2.900000e+01 3.138122e-16
3.000000e+01 3.229492e-16
3.100000e+01 3.319728e-16
3.200000e+01 3.408809e-16
3.300000e+01 3.496726e-16
3.400000e+01 3.583457e-16
3.500000e+01 3.668991e-16
3.600000e+01 3.753318e-16
3.700000e+01 3.836425e-16
3.800000e+01 3.918298e-16
3.900000e+01 3.998928e-16
4.000000e+01 4.078306e-16
4.100000e+01 4.156419e-16
4.200000e+01 4.233267e-16
4.300000e+01 4.308839e-16
4.400000e+01 4.383124e-16
4.500000e+01 4.456123e-16
4.600000e+01 4.527831e-16
4.700000e+01 4.598235e-16
4.800000e+01 4.667342e-16
4.900000e+01 4.735148e-16
5.000000e+01 4.801649e-16
5.100000e+01 4.866844e-16
5.200000e+01 4.930736e-16
5.300000e+01 4.993322e-16
5.400000e+01 5.054608e-16
5.500000e+01 5.114586e-16
5.600000e+01 5.173263e-16
5.700000e+01 5.230652e-16
5.800000e+01 5.286743e-16
5.900000e+01 5.341547e-16
6.000000e+01 5.395066e-16
6.100000e+01 5.447308e-16
6.200000e+01 5.498283e-16
6.300000e+01 5.547986e-16
6.400000e+01 5.596430e-16
6.500000e+01 5.643623e-16
6.600000e+01 5.689571e-16
6.700000e+01 5.734284e-16
6.800000e+01 5.777772e-16
6.900000e+01 5.820041e-16
7.000000e+01 5.861102e-16
7.100000e+01 5.900954e-16
7.200000e+01 5.939616e-16
7.300000e+01 5.977104e-16
7.400000e+01 6.013419e-16
7.500000e+01 6.048571e-16
7.600000e+01 6.082577e-16
7.700000e+01 6.115446e-16
7.800000e+01 6.147183e-16
7.900000e+01 6.177805e-16
8.000000e+01 6.207322e-16
8.100000e+01 6.235745e-16
8.200000e+01 6.263086e-16
8.300000e+01 6.289355e-16
8.400000e+01 6.314565e-16
8.500000e+01 6.338729e-16
8.600000e+01 6.361856e-16
8.700000e+01 6.383957e-16
8.800000e+01 6.405047e-16
8.900000e+01 6.425141e-16
9.000000e+01 6.444249e-16
9.100000e+01 6.462374e-16
9.200000e+01 6.479529e-16
9.300000e+01 6.495737e-16
9.400000e+01 6.511009e-16
9.500000e+01 6.525347e-16
9.600000e+01 6.538769e-16
9.700000e+01 6.551284e-16
9.800000e+01 6.562902e-16
9.900000e+01 6.573642e-16
1.000000e+02 6.583517e-16
