2.000000e+00 8.494622e-28
3.000000e+00 1.175074e-27
4.000000e+00 1.497006e-27
5.000000e+00 1.815900e-27
6.000000e+00 2.132111e-27
7.000000e+00 2.445844e-27
8.000000e+00 2.757222e-27
9.000000e+00 3.066311e-27
1.000000e+01 3.373142e-27
1.100000e+01 3.677717e-27
1.200000e+01 3.979988e-27
1.300000e+01 4.279952e-27
1.400000e+01 4.577563e-27
1.500000e+01 4.872805e-27
1.600000e+01 5.165620e-27
1.700000e+01 5.455936e-27
1.800000e+01 5.743726e-27
1.900000e+01 6.028920e-27
2.000000e+01 6.311442e-27
2.100000e+01 6.591250e-27
2.200000e+01 6.868303e-27
2.300000e+01 7.142508e-27
2.400000e+01 7.413830e-27
2.500000e+01 7.682200e-27
2.600000e+01 7.947575e-27
2.700000e+01 8.209898e-27
2.800000e+01 8.469115e-27
2.900000e+01 8.725167e-27
3.000000e+01 8.978021e-27
3.100000e+01 9.227634e-27
3.200000e+01 9.473950e-27
3.300000e+01 9.716940e-27
3.400000e+01 9.956553e-27
3.500000e+01 1.019276e-26
3.600000e+01 1.042553e-26
3.700000e+01 1.065483e-26
3.800000e+01 1.088063e-26
3.900000e+01 1.110290e-26
4.000000e+01 1.132162e-26
4.100000e+01 1.153676e-26
4.200000e+01 1.174833e-26
4.300000e+01 1.195629e-26
4.400000e+01 1.216062e-26
4.500000e+01 1.236133e-26
4.600000e+01 1.255840e-26
4.700000e+01 1.275180e-26
4.800000e+01 1.294157e-26
4.900000e+01 1.312768e-26
5.000000e+01 1.331014e-26
5.100000e+01 1.348895e-26
5.200000e+01 1.366411e-26
5.300000e+01 1.383563e-26
5.400000e+01 1.400352e-26
5.500000e+01 1.416776e-26
5.600000e+01 1.432840e-26
5.700000e+01 1.448545e-26
5.800000e+01 1.463890e-26
5.900000e+01 1.478879e-26
6.000000e+01 1.493512e-26
6.100000e+01 1.507792e-26
6.200000e+01 1.521722e-26
6.300000e+01 1.535301e-26
6.400000e+01 1.548534e-26
6.500000e+01 1.561422e-26
6.600000e+01 1.573968e-26
6.700000e+01 1.586175e-26
6.800000e+01 1.598046e-26
6.900000e+01 1.609583e-26
7.000000e+01 1.620789e-26
7.100000e+01 1.631664e-26
7.200000e+01 1.642216e-26
7.300000e+01 1.652446e-26
7.400000e+01 1.662356e-26
7.500000e+01 1.671950e-26
7.600000e+01 1.681232e-26
7.700000e+01 1.690204e-26
7.800000e+01 1.698869e-26
7.900000e+01 1.707231e-26
8.000000e+01 1.715294e-26
8.100000e+01 1.723059e-26
8.200000e+01 1.730532e-26
8.300000e+01 1.737714e-26
8.400000e+01 1.744610e-26
8.500000e+01 1.751223e-26
8.600000e+01 1.757555e-26
8.700000e+01 1.763610e-26
8.800000e+01 1.769392e-26
8.900000e+01 1.774906e-26
9.000000e+01 1.780152e-26
9.100000e+01 1.785133e-26
9.200000e+01 1.789854e-26
9.300000e+01 1.794320e-26
9.400000e+01 1.798532e-26
9.500000e+01 1.802493e-26
9.600000e+01 1.806207e-26
9.700000e+01 1.809676e-26
9.800000e+01 1.812904e-26
9.900000e+01 1.815896e-26
1.000000e+02 1.818654e-26
