2.000000e+00 3.464328e-16
3.000000e+00 4.792536e-16
4.000000e+00 6.106005e-16
5.000000e+00 7.407421e-16
6.000000e+00 8.698312e-16
7.000000e+00 9.979572e-16
8.000000e+00 1.125178e-15
9.000000e+00 1.251526e-15
1.000000e+01 1.377020e-15
1.100000e+01 1.501668e-15
1.200000e+01 1.625458e-15
1.300000e+01 1.748388e-15
1.400000e+01 1.870450e-15
1.500000e+01 1.991636e-15
1.600000e+01 2.111934e-15
1.700000e+01 2.231316e-15
1.800000e+01 2.349772e-15
1.900000e+01 2.467283e-15
2.000000e+01 2.583818e-15
2.100000e+01 2.699359e-15
2.200000e+01 2.813895e-15
2.300000e+01 2.927396e-15
2.400000e+01 3.039836e-15
2.500000e+01 3.151203e-15
2.600000e+01 3.261465e-15
2.700000e+01 3.370613e-15
2.800000e+01 3.478616e-15
2.900000e+01 3.585458e-15
3.000000e+01 3.691112e-15
3.100000e+01 3.795570e-15
3.200000e+01 3.898803e-15
3.300000e+01 4.000803e-15
3.400000e+01 4.101542e-15
3.500000e+01 4.201004e-15
3.600000e+01 4.299176e-15
3.700000e+01 4.396042e-15
3.800000e+01 4.491587e-15
3.900000e+01 4.585793e-15
4.000000e+01 4.678649e-15
4.100000e+01 4.770139e-15
4.200000e+01 4.860254e-15
4.300000e+01 4.948986e-15
4.400000e+01 5.036316e-15
4.500000e+01 5.122235e-15
4.600000e+01 5.206744e-15
4.700000e+01 5.289822e-15
4.800000e+01 5.371463e-15
4.900000e+01 5.451667e-15
5.000000e+01 5.530427e-15
5.100000e+01 5.607733e-15
5.200000e+01 5.683583e-15
5.300000e+01 5.757973e-15
5.400000e+01 5.830899e-15
5.500000e+01 5.902363e-15
5.600000e+01 5.972345e-15
5.700000e+01 6.040867e-15
5.800000e+01 6.107921e-15
5.900000e+01 6.173501e-15
6.000000e+01 6.237614e-15
6.100000e+01 6.300258e-15
6.200000e+01 6.361439e-15
6.300000e+01 6.421160e-15
6.400000e+01 6.479416e-15
6.500000e+01 6.536218e-15
6.600000e+01 6.591569e-15
6.700000e+01 6.645473e-15
6.800000e+01 6.697938e-15
6.900000e+01 6.748972e-15
7.000000e+01 6.798579e-15
7.100000e+01 6.846762e-15
7.200000e+01 6.893522e-15
7.300000e+01 6.938880e-15
7.400000e+01 6.982847e-15
7.500000e+01 7.025420e-15
7.600000e+01 7.066609e-15
7.700000e+01 7.106434e-15
7.800000e+01 7.144898e-15
7.900000e+01 7.182004e-15
8.000000e+01 7.217773e-15
8.100000e+01 7.252212e-15
8.200000e+01 7.285332e-15
8.300000e+01 7.317142e-15
8.400000e+01 7.347653e-15
8.500000e+01 7.376881e-15
8.600000e+01 7.404836e-15
8.700000e+01 7.431528e-15
8.800000e+01 7.456968e-15
8.900000e+01 7.481173e-15
9.000000e+01 7.504159e-15
9.100000e+01 7.525936e-15
9.200000e+01 7.546505e-15
9.300000e+01 7.565881e-15
9.400000e+01 7.584094e-15
9.500000e+01 7.601151e-15
9.600000e+01 7.617057e-15
9.700000e+01 7.631832e-15
9.800000e+01 7.645486e-15
9.900000e+01 7.658029e-15
1.000000e+02 7.669484e-15
