2.000000e+00 3.779303e-41
3.000000e+00 5.227736e-41
4.000000e+00 6.659582e-41
5.000000e+00 8.077627e-41
6.000000e+00 9.483397e-41
7.000000e+00 1.087775e-40
8.000000e+00 1.226118e-40
9.000000e+00 1.363392e-40
1.000000e+01 1.499607e-40
1.100000e+01 1.634759e-40
1.200000e+01 1.768820e-40
1.300000e+01 1.901788e-40
1.400000e+01 2.033637e-40
1.500000e+01 2.164359e-40
1.600000e+01 2.293919e-40
1.700000e+01 2.422288e-40
1.800000e+01 2.549450e-40
1.900000e+01 2.675367e-40
2.000000e+01 2.800008e-40
2.100000e+01 2.923354e-40
2.200000e+01 3.045382e-40
2.300000e+01 3.166049e-40
2.400000e+01 3.285345e-40
2.500000e+01 3.403231e-40
2.600000e+01 3.519697e-40
2.700000e+01 3.634710e-40
2.800000e+01 3.748251e-40
2.900000e+01 3.860295e-40
3.000000e+01 3.970832e-40
3.100000e+01 4.079835e-40
3.200000e+01 4.187296e-40
3.300000e+01 4.293190e-40
3.400000e+01 4.397503e-40
3.500000e+01 4.500229e-40
3.600000e+01 4.601352e-40
3.700000e+01 4.700865e-40
3.800000e+01 4.798755e-40
3.900000e+01 4.895014e-40
4.000000e+01 4.989639e-40
4.100000e+01 5.082623e-40
4.200000e+01 5.173967e-40
4.300000e+01 5.263660e-40
4.400000e+01 5.351704e-40
4.500000e+01 5.438105e-40
4.600000e+01 5.522852e-40
4.700000e+01 5.605953e-40
4.800000e+01 5.687415e-40
4.900000e+01 5.767238e-40
5.000000e+01 5.845427e-40
5.100000e+01 5.921990e-40
5.200000e+01 5.996930e-40
5.300000e+01 6.070260e-40
5.400000e+01 6.141982e-40
5.500000e+01 6.212102e-40
5.600000e+01 6.280645e-40
5.700000e+01 6.347607e-40
5.800000e+01 6.413005e-40
5.900000e+01 6.476848e-40
6.000000e+01 6.539150e-40
6.100000e+01 6.599928e-40
6.200000e+01 6.659187e-40
6.300000e+01 6.716940e-40
6.400000e+01 6.773206e-40
6.500000e+01 6.827995e-40
6.600000e+01 6.881326e-40
6.700000e+01 6.933212e-40
6.800000e+01 6.983668e-40
6.900000e+01 7.032708e-40
7.000000e+01 7.080337e-40
7.100000e+01 7.126581e-40
7.200000e+01 7.171462e-40
7.300000e+01 7.214982e-40
7.400000e+01 7.257160e-40
7.500000e+01 7.298017e-40
7.600000e+01 7.337565e-40
7.700000e+01 7.375814e-40
7.800000e+01 7.412785e-40
7.900000e+01 7.448494e-40
8.000000e+01 7.482953e-40
8.100000e+01 7.516178e-40
8.200000e+01 7.548184e-40
8.300000e+01 7.578986e-40
8.400000e+01 7.608599e-40
8.500000e+01 7.637037e-40
8.600000e+01 7.664312e-40
8.700000e+01 7.690444e-40
8.800000e+01 7.715448e-40
8.900000e+01 7.739335e-40
9.000000e+01 7.762110e-40
9.100000e+01 7.783794e-40
9.200000e+01 7.804409e-40
9.300000e+01 7.823962e-40
9.400000e+01 7.842463e-40
9.500000e+01 7.859928e-40
9.600000e+01 7.876366e-40
9.700000e+01 7.891792e-40
9.800000e+01 7.906231e-40
9.900000e+01 7.919687e-40
1.000000e+02 7.932161e-40
