2.000000e+00 1.954374e-18
3.000000e+00 2.702521e-18
4.000000e+00 3.441248e-18
5.000000e+00 4.171775e-18
6.000000e+00 4.894677e-18
7.000000e+00 5.610212e-18
8.000000e+00 6.318443e-18
9.000000e+00 7.019324e-18
1.000000e+01 7.712745e-18
1.100000e+01 8.398478e-18
1.200000e+01 9.076387e-18
1.300000e+01 9.746262e-18
1.400000e+01 1.040799e-17
1.500000e+01 1.106132e-17
1.600000e+01 1.170607e-17
1.700000e+01 1.234212e-17
1.800000e+01 1.296925e-17
1.900000e+01 1.358732e-17
2.000000e+01 1.419626e-17
2.100000e+01 1.479592e-17
2.200000e+01 1.538621e-17
2.300000e+01 1.596706e-17
2.400000e+01 1.653843e-17
2.500000e+01 1.710027e-17
2.600000e+01 1.765256e-17
2.700000e+01 1.819526e-17
2.800000e+01 1.872844e-17
2.900000e+01 1.925208e-17
3.000000e+01 1.976626e-17
3.100000e+01 2.027098e-17
3.200000e+01 2.076632e-17
3.300000e+01 2.125235e-17
3.400000e+01 2.172915e-17
3.500000e+01 2.219681e-17
3.600000e+01 2.265540e-17
3.700000e+01 2.310503e-17
3.800000e+01 2.354581e-17
3.900000e+01 2.397785e-17
4.000000e+01 2.440123e-17
4.100000e+01 2.481608e-17
4.200000e+01 2.522253e-17
4.300000e+01 2.562063e-17
4.400000e+01 2.601054e-17
4.500000e+01 2.639239e-17
4.600000e+01 2.676625e-17
4.700000e+01 2.713224e-17
4.800000e+01 2.749049e-17
4.900000e+01 2.784107e-17
5.000000e+01 2.818411e-17
5.100000e+01 2.851967e-17
5.200000e+01 2.884792e-17
5.300000e+01 2.916889e-17
5.400000e+01 2.948272e-17
5.500000e+01 2.978945e-17
5.600000e+01 3.008924e-17
5.700000e+01 3.038214e-17
5.800000e+01 3.066822e-17
5.900000e+01 3.094757e-17
6.000000e+01 3.122028e-17
6.100000e+01 3.148645e-17
6.200000e+01 3.174613e-17
6.300000e+01 3.199942e-17
6.400000e+01 3.224638e-17
6.500000e+01 3.248707e-17
6.600000e+01 3.272157e-17
6.700000e+01 3.295000e-17
6.800000e+01 3.317237e-17
6.900000e+01 3.338876e-17
7.000000e+01 3.359929e-17
7.100000e+01 3.380398e-17
7.200000e+01 3.400289e-17
7.300000e+01 3.419613e-17
7.400000e+01 3.438375e-17
7.500000e+01 3.456580e-17
7.600000e+01 3.474236e-17
7.700000e+01 3.491350e-17
7.800000e+01 3.507928e-17
7.900000e+01 3.523976e-17
8.000000e+01 3.539500e-17
8.100000e+01 3.554508e-17
8.200000e+01 3.569006e-17
8.300000e+01 3.583000e-17
8.400000e+01 3.596493e-17
8.500000e+01 3.609494e-17
8.600000e+01 3.622011e-17
8.700000e+01 3.634047e-17
8.800000e+01 3.645610e-17
8.900000e+01 3.656702e-17
9.000000e+01 3.667333e-17
9.100000e+01 3.677507e-17
9.200000e+01 3.687232e-17
9.300000e+01 3.696510e-17
9.400000e+01 3.705345e-17
9.500000e+01 3.713748e-17
9.600000e+01 3.721721e-17
9.700000e+01 3.729273e-17
9.800000e+01 3.736406e-17
9.900000e+01 3.743124e-17
1.000000e+02 3.749436e-17
