2.000000e+00 3.084165e-15
3.000000e+00 4.265992e-15
4.000000e+00 5.434101e-15
5.000000e+00 6.590712e-15
6.000000e+00 7.737024e-15
7.000000e+00 8.873695e-15
8.000000e+00 1.000108e-14
9.000000e+00 1.111934e-14
1.000000e+01 1.222849e-14
1.100000e+01 1.332847e-14
1.200000e+01 1.441902e-14
1.300000e+01 1.550012e-14
1.400000e+01 1.657149e-14
1.500000e+01 1.763307e-14
1.600000e+01 1.868451e-14
1.700000e+01 1.972559e-14
1.800000e+01 2.075615e-14
1.900000e+01 2.177585e-14
2.000000e+01 2.278445e-14
2.100000e+01 2.378179e-14
2.200000e+01 2.476765e-14
2.300000e+01 2.574170e-14
2.400000e+01 2.670386e-14
2.500000e+01 2.765381e-14
2.600000e+01 2.859148e-14
2.700000e+01 2.951661e-14
2.800000e+01 3.042906e-14
2.900000e+01 3.132865e-14
3.000000e+01 3.221530e-14
3.100000e+01 3.308885e-14
3.200000e+01 3.394921e-14
3.300000e+01 3.479623e-14
3.400000e+01 3.562985e-14
3.500000e+01 3.645000e-14
3.600000e+01 3.725662e-14
3.700000e+01 3.804967e-14
3.800000e+01 3.882907e-14
3.900000e+01 3.959483e-14
4.000000e+01 4.034692e-14
4.100000e+01 4.108536e-14
4.200000e+01 4.181016e-14
4.300000e+01 4.252128e-14
4.400000e+01 4.321883e-14
4.500000e+01 4.390281e-14
4.600000e+01 4.457321e-14
4.700000e+01 4.523018e-14
4.800000e+01 4.587376e-14
4.900000e+01 4.650400e-14
5.000000e+01 4.712099e-14
5.100000e+01 4.772482e-14
5.200000e+01 4.831556e-14
5.300000e+01 4.889336e-14
5.400000e+01 4.945820e-14
5.500000e+01 5.001032e-14
5.600000e+01 5.054980e-14
5.700000e+01 5.107670e-14
5.800000e+01 5.159117e-14
5.900000e+01 5.209333e-14
6.000000e+01 5.258334e-14
6.100000e+01 5.306130e-14
6.200000e+01 5.352729e-14
6.300000e+01 5.398149e-14
6.400000e+01 5.442400e-14
6.500000e+01 5.485499e-14
6.600000e+01 5.527459e-14
6.700000e+01 5.568292e-14
6.800000e+01 5.608011e-14
6.900000e+01 5.646623e-14
7.000000e+01 5.684145e-14
7.100000e+01 5.720598e-14
7.200000e+01 5.755988e-14
7.300000e+01 5.790325e-14
7.400000e+01 5.823628e-14
7.500000e+01 5.855910e-14
7.600000e+01 5.887175e-14
7.700000e+01 5.917443e-14
7.800000e+01 5.946725e-14
7.900000e+01 5.975032e-14
8.000000e+01 6.002375e-14
8.100000e+01 6.028767e-14
8.200000e+01 6.054220e-14
8.300000e+01 6.078746e-14
8.400000e+01 6.102354e-14
8.500000e+01 6.125057e-14
8.600000e+01 6.146863e-14
8.700000e+01 6.167789e-14
8.800000e+01 6.187845e-14
8.900000e+01 6.207032e-14
9.000000e+01 6.225364e-14
9.100000e+01 6.242861e-14
9.200000e+01 6.259527e-14
9.300000e+01 6.275370e-14
9.400000e+01 6.290400e-14
9.500000e+01 6.304626e-14
9.600000e+01 6.318061e-14
9.700000e+01 6.330719e-14
9.800000e+01 6.342604e-14
9.900000e+01 6.353719e-14
1.000000e+02 6.364075e-14
