2.000000e+00 6.384706e-12 2.467097e-11 2.377928e-11 1.647693e-11 1.153308e-11 8.373462e-12 6.226640e-12 4.698624e-12
3.000000e+00 4.656771e-12 1.778027e-11 1.703988e-11 1.177296e-11 8.225896e-12 5.965244e-12 4.432163e-12 3.342485e-12
4.000000e+00 3.738228e-12 1.407401e-11 1.339289e-11 9.219671e-12 6.427525e-12 4.654177e-12 3.454445e-12 2.603175e-12
5.000000e+00 3.179871e-12 1.179583e-11 1.113556e-11 7.633053e-12 5.307111e-12 3.835908e-12 2.843439e-12 2.140703e-12
6.000000e+00 2.810441e-12 1.027613e-11 9.619479e-12 6.563203e-12 4.549706e-12 3.281784e-12 2.429155e-12 1.826847e-12
7.000000e+00 2.549925e-12 9.204259e-12 8.543862e-12 5.800989e-12 4.008482e-12 2.884977e-12 2.132023e-12 1.601480e-12
8.000000e+00 2.355995e-12 8.414811e-12 7.748448e-12 5.235064e-12 3.605450e-12 2.588854e-12 1.909944e-12 1.432849e-12
9.000000e+00 2.204356e-12 7.812684e-12 7.141262e-12 4.801729e-12 3.296051e-12 2.361091e-12 1.738878e-12 1.302804e-12
1.000000e+01 2.079733e-12 7.339921e-12 6.667013e-12 4.462641e-12 3.053303e-12 2.181964e-12 1.604082e-12 1.200175e-12
1.100000e+01 1.972301e-12 6.955815e-12 6.286426e-12 4.191020e-12 2.858787e-12 2.038290e-12 1.495841e-12 1.117671e-12
1.200000e+01 1.876376e-12 6.636551e-12 5.974831e-12 3.968516e-12 2.699095e-12 1.920200e-12 1.406889e-12 1.049955e-12
1.300000e+01 1.787078e-12 6.365398e-12 5.718511e-12 3.786541e-12 2.568332e-12 1.823176e-12 1.333506e-12 9.938535e-13
1.400000e+01 1.701717e-12 6.126313e-12 5.501288e-12 3.634708e-12 2.459958e-12 1.742972e-12 1.272891e-12 9.475079e-13
1.500000e+01 1.618335e-12 5.911209e-12 5.314261e-12 3.505528e-12 2.368000e-12 1.674946e-12 1.221464e-12 9.081662e-13
1.600000e+01 1.535742e-12 5.712195e-12 5.150530e-12 3.394969e-12 2.289958e-12 1.617355e-12 1.177934e-12 8.748418e-13
1.700000e+01 1.453373e-12 5.523886e-12 5.003628e-12 3.298342e-12 2.222605e-12 1.567950e-12 1.140699e-12 8.463789e-13
1.800000e+01 1.371027e-12 5.342644e-12 4.869926e-12 3.212861e-12 2.163758e-12 1.525017e-12 1.108416e-12 8.217240e-13
1.900000e+01 1.288728e-12 5.165551e-12 4.746050e-12 3.136349e-12 2.112044e-12 1.487635e-12 1.080434e-12 8.003991e-13
2.000000e+01 1.206785e-12 4.990351e-12 4.629204e-12 3.066804e-12 2.066048e-12 1.454765e-12 1.055978e-12 7.818225e-13
2.100000e+01 1.125589e-12 4.815767e-12 4.517507e-12 3.002650e-12 2.024572e-12 1.425528e-12 1.034400e-12 7.655112e-13
2.200000e+01 1.045668e-12 4.640593e-12 4.409068e-12 2.942756e-12 1.986931e-12 1.399434e-12 1.015321e-12 7.511628e-13
2.300000e+01 9.675826e-13 4.464345e-12 4.302657e-12 2.885861e-12 1.952115e-12 1.375757e-12 9.982315e-13 7.384226e-13
2.400000e+01 8.919321e-13 4.286668e-12 4.197010e-12 2.831214e-12 1.919660e-12 1.354137e-12 9.828295e-13 7.270331e-13
2.500000e+01 8.192629e-13 4.107940e-12 4.091485e-12 2.777917e-12 1.888825e-12 1.334054e-12 9.687646e-13 7.167588e-13
2.600000e+01 7.500898e-13 3.928297e-12 3.985908e-12 2.725767e-12 1.859390e-12 1.315270e-12 9.558063e-13 7.073932e-13
2.700000e+01 6.848865e-13 3.747851e-12 3.879450e-12 2.674364e-12 1.831151e-12 1.297667e-12 9.438788e-13 6.988851e-13
2.800000e+01 6.240244e-13 3.567576e-12 3.771615e-12 2.622803e-12 1.803478e-12 1.280863e-12 9.327513e-13 6.910901e-13
2.900000e+01 5.678088e-13 3.387959e-12 3.662886e-12 2.571177e-12 1.776131e-12 1.264526e-12 9.221125e-13 6.837507e-13
3.000000e+01 5.164410e-13 3.209633e-12 3.552879e-12 2.519407e-12 1.749218e-12 1.248761e-12 9.120196e-13 6.768826e-13
3.100000e+01 4.700296e-13 3.033315e-12 3.441550e-12 2.467042e-12 1.722351e-12 1.233335e-12 9.023579e-13 6.704395e-13
3.200000e+01 4.286060e-13 2.859872e-12 3.328951e-12 2.413945e-12 1.695364e-12 1.218067e-12 8.929498e-13 6.642682e-13
3.300000e+01 3.920838e-13 2.690000e-12 3.215432e-12 2.360073e-12 1.668096e-12 1.202814e-12 8.836956e-13 6.582967e-13
3.400000e+01 3.603124e-13 2.524419e-12 3.101082e-12 2.305498e-12 1.640593e-12 1.187571e-12 8.745554e-13 6.524750e-13
3.500000e+01 3.330595e-13 2.363867e-12 2.986112e-12 2.250019e-12 1.612702e-12 1.172268e-12 8.655051e-13 6.467974e-13
3.600000e+01 3.100376e-13 2.208948e-12 2.870938e-12 2.193763e-12 1.584329e-12 1.156757e-12 8.564141e-13 6.411662e-13
3.700000e+01 2.909155e-13 2.060263e-12 2.755738e-12 2.136789e-12 1.555553e-12 1.141086e-12 8.472911e-13 6.355632e-13
3.800000e+01 2.752939e-13 1.918329e-12 2.640904e-12 2.079059e-12 1.526262e-12 1.125181e-12 8.381030e-13 6.299803e-13
3.900000e+01 2.627638e-13 1.783539e-12 2.526770e-12 2.020783e-12 1.496488e-12 1.108986e-12 8.287764e-13 6.243524e-13
4.000000e+01 2.529021e-13 1.656287e-12 2.413479e-12 1.961924e-12 1.466277e-12 1.092564e-12 8.193461e-13 6.186879e-13
4.100000e+01 2.452632e-13 1.536848e-12 2.301506e-12 1.902496e-12 1.435466e-12 1.075786e-12 8.097485e-13 6.129650e-13
4.200000e+01 2.394676e-13 1.425413e-12 2.191159e-12 1.842746e-12 1.404168e-12 1.058635e-12 7.999104e-13 6.071024e-13
4.300000e+01 2.350674e-13 1.322082e-12 2.082769e-12 1.782757e-12 1.372426e-12 1.041173e-12 7.898846e-13 6.011325e-13
4.400000e+01 2.317355e-13 1.226892e-12 1.976630e-12 1.722660e-12 1.340268e-12 1.023379e-12 7.796468e-13 5.950414e-13
4.500000e+01 2.291103e-13 1.139786e-12 1.873089e-12 1.662604e-12 1.307732e-12 1.005263e-12 7.691958e-13 5.888202e-13
4.600000e+01 2.268652e-13 1.060630e-12 1.772303e-12 1.602761e-12 1.274917e-12 9.868569e-13 7.585322e-13 5.824613e-13
4.700000e+01 2.247822e-13 9.892285e-13 1.674522e-12 1.543102e-12 1.241815e-12 9.681879e-13 7.476844e-13 5.759821e-13
4.800000e+01 2.226376e-13 9.253183e-13 1.580035e-12 1.483833e-12 1.208399e-12 9.491703e-13 7.365903e-13 5.693515e-13
4.900000e+01 2.202288e-13 8.685961e-13 1.489035e-12 1.425113e-12 1.174819e-12 9.298783e-13 7.252525e-13 5.625364e-13
5.000000e+01 2.175086e-13 8.186966e-13 1.401679e-12 1.367075e-12 1.141118e-12 9.103464e-13 7.137146e-13 5.555777e-13
5.100000e+01 2.143323e-13 7.751897e-13 1.318107e-12 1.309818e-12 1.107365e-12 8.906041e-13 7.019787e-13 5.484684e-13
5.200000e+01 2.106997e-13 7.376584e-13 1.238431e-12 1.253430e-12 1.073585e-12 8.706618e-13 6.900558e-13 5.412181e-13
5.300000e+01 2.065957e-13 7.056200e-13 1.162780e-12 1.198038e-12 1.039812e-12 8.505179e-13 6.779327e-13 5.338128e-13
5.400000e+01 2.019998e-13 6.785876e-13 1.091192e-12 1.143786e-12 1.006155e-12 8.302110e-13 6.656124e-13 5.262437e-13
5.500000e+01 1.971362e-13 6.560451e-13 1.023727e-12 1.090721e-12 9.726491e-13 8.097976e-13 6.531432e-13 5.185397e-13
5.600000e+01 1.918024e-13 6.375094e-13 9.603901e-13 1.038978e-12 9.393417e-13 7.892610e-13 6.405054e-13 5.106954e-13
5.700000e+01 1.862860e-13 6.224685e-13 9.011878e-13 9.886290e-13 9.063123e-13 7.686640e-13 6.277241e-13 5.027082e-13
5.800000e+01 1.805864e-13 6.104490e-13 8.460762e-13 9.397834e-13 8.736141e-13 7.480258e-13 6.148178e-13 4.945989e-13
5.900000e+01 1.748712e-13 6.009555e-13 7.949890e-13 8.924802e-13 8.413181e-13 7.273973e-13 6.018067e-13 4.863696e-13
6.000000e+01 1.692499e-13 5.935483e-13 7.478598e-13 8.467794e-13 8.094383e-13 7.067907e-13 5.887117e-13 4.780415e-13
6.100000e+01 1.636723e-13 5.877970e-13 7.045844e-13 8.027518e-13 7.780437e-13 6.862274e-13 5.755266e-13 4.696032e-13
6.200000e+01 1.583275e-13 5.832982e-13 6.650560e-13 7.604494e-13 7.471898e-13 6.657516e-13 5.622826e-13 4.610704e-13
6.300000e+01 1.532441e-13 5.796629e-13 6.291328e-13 7.198825e-13 7.169249e-13 6.454024e-13 5.490004e-13 4.524554e-13
6.400000e+01 1.484817e-13 5.765513e-13 5.966704e-13 6.810713e-13 6.872459e-13 6.251853e-13 5.356984e-13 4.437757e-13
6.500000e+01 1.440675e-13 5.737554e-13 5.674986e-13 6.440650e-13 6.582137e-13 6.051072e-13 5.223579e-13 4.350149e-13
6.600000e+01 1.400405e-13 5.709001e-13 5.414575e-13 6.088764e-13 6.298853e-13 5.852269e-13 5.090143e-13 4.261823e-13
6.700000e+01 1.364072e-13 5.678228e-13 5.183733e-13 5.755115e-13 6.022999e-13 5.655789e-13 4.956993e-13 4.173069e-13
6.800000e+01 1.331597e-13 5.643434e-13 4.980401e-13 5.439463e-13 5.754866e-13 5.462003e-13 4.824380e-13 4.084033e-13
6.900000e+01 1.302749e-13 5.603044e-13 4.802672e-13 5.141620e-13 5.494287e-13 5.270855e-13 4.692424e-13 3.994882e-13
7.000000e+01 1.277312e-13 5.556106e-13 4.648820e-13 4.861625e-13 5.241737e-13 5.082371e-13 4.560901e-13 3.905420e-13
7.100000e+01 1.254798e-13 5.501569e-13 4.516760e-13 4.599233e-13 4.997618e-13 4.897169e-13 4.430199e-13 3.815734e-13
7.200000e+01 1.234811e-13 5.439171e-13 4.404284e-13 4.353932e-13 4.761896e-13 4.715428e-13 4.300663e-13 3.726205e-13
7.300000e+01 1.216891e-13 5.368873e-13 4.309752e-13 4.125450e-13 4.534578e-13 4.537031e-13 4.172200e-13 3.636818e-13
7.400000e+01 1.200585e-13 5.291145e-13 4.231155e-13 3.913433e-13 4.316089e-13 4.362317e-13 4.044828e-13 3.547452e-13
7.500000e+01 1.185405e-13 5.204321e-13 4.166451e-13 3.717292e-13 4.106355e-13 4.191665e-13 3.919054e-13 3.458439e-13
7.600000e+01 1.170882e-13 5.111604e-13 4.113852e-13 3.536520e-13 3.905360e-13 4.024924e-13 3.794804e-13 3.369912e-13
7.700000e+01 1.156589e-13 5.013886e-13 4.071750e-13 3.370553e-13 3.713181e-13 3.862314e-13 3.672133e-13 3.281759e-13
7.800000e+01 1.142173e-13 4.909247e-13 4.038351e-13 3.218869e-13 3.529907e-13 3.704054e-13 3.551257e-13 3.194153e-13
7.900000e+01 1.127334e-13 4.800356e-13 4.012041e-13 3.080738e-13 3.355417e-13 3.550316e-13 3.432415e-13 3.107275e-13
8.000000e+01 1.111824e-13 4.687921e-13 3.991474e-13 2.955537e-13 3.189559e-13 3.400998e-13 3.315594e-13 3.021223e-13
8.100000e+01 1.095483e-13 4.572885e-13 3.975132e-13 2.842540e-13 3.032320e-13 3.256228e-13 3.200803e-13 2.935911e-13
8.200000e+01 1.078252e-13 4.456443e-13 3.961879e-13 2.741151e-13 2.883581e-13 3.116130e-13 3.088242e-13 2.851491e-13
8.300000e+01 1.060092e-13 4.339684e-13 3.950445e-13 2.650675e-13 2.743202e-13 2.980735e-13 2.977987e-13 2.768071e-13
8.400000e+01 1.041067e-13 4.223435e-13 3.939721e-13 2.570279e-13 2.610978e-13 2.850046e-13 2.870106e-13 2.685711e-13
8.500000e+01 1.021256e-13 4.108742e-13 3.928813e-13 2.499297e-13 2.486746e-13 2.724052e-13 2.764598e-13 2.604426e-13
8.600000e+01 1.000834e-13 3.996471e-13 3.916931e-13 2.437037e-13 2.370344e-13 2.602845e-13 2.661570e-13 2.524255e-13
8.700000e+01 9.799679e-14 3.887379e-13 3.903267e-13 2.382844e-13 2.261547e-13 2.486427e-13 2.561146e-13 2.445358e-13
8.800000e+01 9.588470e-14 3.782158e-13 3.887289e-13 2.335945e-13 2.160120e-13 2.374760e-13 2.463345e-13 2.367779e-13
8.900000e+01 9.376921e-14 3.681419e-13 3.868530e-13 2.295643e-13 2.065785e-13 2.267803e-13 2.368185e-13 2.291543e-13
9.000000e+01 9.167373e-14 3.585565e-13 3.846512e-13 2.261360e-13 1.978312e-13 2.165533e-13 2.275695e-13 2.216670e-13
9.100000e+01 8.961565e-14 3.494947e-13 3.820970e-13 2.232412e-13 1.897469e-13 2.067930e-13 2.185963e-13 2.143263e-13
9.200000e+01 8.761556e-14 3.409876e-13 3.791691e-13 2.208119e-13 1.822924e-13 1.974891e-13 2.098976e-13 2.071373e-13
9.300000e+01 8.568876e-14 3.330392e-13 3.758590e-13 2.187984e-13 1.754405e-13 1.886323e-13 2.014676e-13 2.000941e-13
9.400000e+01 8.384853e-14 3.256481e-13 3.721640e-13 2.171377e-13 1.691689e-13 1.802243e-13 1.933165e-13 1.932039e-13
9.500000e+01 8.210633e-14 3.188244e-13 3.680810e-13 2.157744e-13 1.634420e-13 1.722542e-13 1.854486e-13 1.864791e-13
9.600000e+01 8.046580e-14 3.125323e-13 3.636229e-13 2.146560e-13 1.582302e-13 1.647064e-13 1.778546e-13 1.799162e-13
9.700000e+01 7.892894e-14 3.067596e-13 3.588110e-13 2.137362e-13 1.535060e-13 1.575751e-13 1.705334e-13 1.735116e-13
9.800000e+01 7.749428e-14 3.014717e-13 3.536565e-13 2.129713e-13 1.492409e-13 1.508513e-13 1.634893e-13 1.672731e-13
9.900000e+01 7.616111e-14 2.966280e-13 3.481957e-13 2.123129e-13 1.454033e-13 1.445219e-13 1.567189e-13 1.612042e-13
1.000000e+02 7.491821e-14 2.921980e-13 3.424531e-13 2.117357e-13 1.419666e-13 1.385746e-13 1.502175e-13 1.553024e-13
