2.000000e+00 1.071731e-14 3.616306e-14 3.959540e-14 2.895463e-14 1.968613e-14 1.345673e-14 9.393582e-15 6.703247e-15
3.000000e+00 7.970351e-15 2.641358e-14 2.863568e-14 2.083712e-14 1.412495e-14 9.635810e-15 6.716349e-15 4.787187e-15
4.000000e+00 6.535860e-15 2.125929e-14 2.277775e-14 1.647048e-14 1.112186e-14 7.567204e-15 5.264280e-15 3.746579e-15
5.000000e+00 5.682807e-15 1.813448e-14 1.918824e-14 1.378054e-14 9.265544e-15 6.285241e-15 4.362451e-15 3.098994e-15
6.000000e+00 5.127519e-15 1.609241e-14 1.681532e-14 1.199235e-14 8.027599e-15 5.428458e-15 3.758814e-15 2.665088e-15
7.000000e+00 4.736142e-15 1.468360e-14 1.516278e-14 1.073510e-14 7.151439e-15 4.819259e-15 3.328121e-15 2.354637e-15
8.000000e+00 4.439581e-15 1.366096e-14 1.395977e-14 9.813704e-15 6.505842e-15 4.368498e-15 3.008404e-15 2.123593e-15
9.000000e+00 4.197151e-15 1.288395e-14 1.305666e-14 9.121072e-15 6.019044e-15 4.027593e-15 2.765932e-15 1.947913e-15
1.000000e+01 3.983467e-15 1.227698e-14 1.236511e-14 8.587582e-15 5.641238e-15 3.761337e-15 2.575613e-15 1.809487e-15
1.100000e+01 3.786243e-15 1.177142e-14 1.180722e-14 8.162356e-15 5.342276e-15 3.551608e-15 2.426142e-15 1.700950e-15
1.200000e+01 3.592331e-15 1.134358e-14 1.136878e-14 7.830969e-15 5.107086e-15 3.384369e-15 2.305306e-15 1.612119e-15
1.300000e+01 3.397333e-15 1.095189e-14 1.099495e-14 7.556500e-15 4.915261e-15 3.249361e-15 2.208477e-15 1.541247e-15
1.400000e+01 3.198045e-15 1.058814e-14 1.067303e-14 7.325217e-15 4.754293e-15 3.135906e-15 2.126851e-15 1.481353e-15
1.500000e+01 2.993129e-15 1.023337e-14 1.038988e-14 7.131806e-15 4.622040e-15 3.043140e-15 2.060103e-15 1.432270e-15
1.600000e+01 2.782540e-15 9.883254e-15 1.012824e-14 6.960303e-15 4.507686e-15 2.964164e-15 2.003838e-15 1.391166e-15
1.700000e+01 2.567637e-15 9.525489e-15 9.884874e-15 6.811364e-15 4.410989e-15 2.897709e-15 1.956322e-15 1.356216e-15
1.800000e+01 2.350195e-15 9.160662e-15 9.647145e-15 6.671815e-15 4.323612e-15 2.839370e-15 1.915498e-15 1.326668e-15
1.900000e+01 2.132443e-15 8.784161e-15 9.413793e-15 6.543245e-15 4.246163e-15 2.788497e-15 1.879984e-15 1.300843e-15
2.000000e+01 1.917275e-15 8.395649e-15 9.178578e-15 6.419616e-15 4.174730e-15 2.742939e-15 1.848848e-15 1.278550e-15
2.100000e+01 1.706851e-15 7.996824e-15 8.942416e-15 6.299452e-15 4.107475e-15 2.701150e-15 1.820783e-15 1.258662e-15
2.200000e+01 1.504173e-15 7.585396e-15 8.699516e-15 6.182278e-15 4.045429e-15 2.664035e-15 1.796375e-15 1.241523e-15
2.300000e+01 1.311382e-15 7.165589e-15 8.449787e-15 6.062863e-15 3.983603e-15 2.628247e-15 1.773661e-15 1.226079e-15
2.400000e+01 1.130969e-15 6.736728e-15 8.192207e-15 5.943109e-15 3.923748e-15 2.594544e-15 1.752602e-15 1.211844e-15
2.500000e+01 9.646696e-16 6.304337e-15 7.924291e-15 5.818542e-15 3.862984e-15 2.561557e-15 1.732779e-15 1.198909e-15
2.600000e+01 8.141117e-16 5.868806e-15 7.650139e-15 5.691680e-15 3.801427e-15 2.528386e-15 1.713052e-15 1.186182e-15
2.700000e+01 6.802689e-16 5.435432e-15 7.365769e-15 5.560298e-15 3.739517e-15 2.496257e-15 1.694571e-15 1.174545e-15
2.800000e+01 5.637577e-16 5.004883e-15 7.076128e-15 5.424823e-15 3.674956e-15 2.462784e-15 1.675625e-15 1.162940e-15
2.900000e+01 4.648891e-16 4.582143e-15 6.777048e-15 5.285012e-15 3.609887e-15 2.429851e-15 1.657277e-15 1.151778e-15
3.000000e+01 3.833688e-16 4.169506e-15 6.474577e-15 5.139518e-15 3.540801e-15 2.394940e-15 1.638271e-15 1.140639e-15
3.100000e+01 3.186176e-16 3.769399e-15 6.166956e-15 4.991605e-15 3.471260e-15 2.359818e-15 1.618964e-15 1.129159e-15
3.200000e+01 2.696011e-16 3.384903e-15 5.855539e-15 4.838163e-15 3.398716e-15 2.323760e-15 1.599775e-15 1.118203e-15
3.300000e+01 2.351259e-16 3.018250e-15 5.542114e-15 4.680883e-15 3.323545e-15 2.286022e-15 1.579548e-15 1.106629e-15
3.400000e+01 2.136223e-16 2.671793e-15 5.227871e-15 4.519704e-15 3.245916e-15 2.247054e-15 1.558755e-15 1.094813e-15
3.500000e+01 2.033474e-16 2.347037e-15 4.914745e-15 4.355470e-15 3.165817e-15 2.206613e-15 1.537167e-15 1.082604e-15
3.600000e+01 2.024689e-16 2.045689e-15 4.603298e-15 4.188385e-15 3.083647e-15 2.164996e-15 1.514928e-15 1.070031e-15
3.700000e+01 2.090861e-16 1.768962e-15 4.295399e-15 4.018497e-15 2.998919e-15 2.121823e-15 1.491872e-15 1.057073e-15
3.800000e+01 2.213044e-16 1.517538e-15 3.992626e-15 3.847101e-15 2.912062e-15 2.077080e-15 1.467803e-15 1.043497e-15
3.900000e+01 2.373418e-16 1.292054e-15 3.696160e-15 3.674296e-15 2.823490e-15 2.031199e-15 1.443026e-15 1.029475e-15
4.000000e+01 2.553793e-16 1.092355e-15 3.407544e-15 3.501134e-15 2.733093e-15 1.983874e-15 1.417384e-15 1.014989e-15
4.100000e+01 2.739289e-16 9.182876e-16 3.127414e-15 3.327846e-15 2.641566e-15 1.935586e-15 1.391013e-15 9.999874e-16
4.200000e+01 2.915756e-16 7.694403e-16 2.856885e-15 3.154970e-15 2.548550e-15 1.886027e-15 1.363873e-15 9.845742e-16
4.300000e+01 3.071863e-16 6.449140e-16 2.597244e-15 2.982618e-15 2.454373e-15 1.835410e-15 1.335929e-15 9.685783e-16
4.400000e+01 3.199727e-16 5.435773e-16 2.349432e-15 2.812329e-15 2.359192e-15 1.783486e-15 1.307065e-15 9.520365e-16
4.500000e+01 3.289118e-16 4.641575e-16 2.113744e-15 2.643947e-15 2.263810e-15 1.730967e-15 1.277548e-15 9.349180e-16
4.600000e+01 3.336155e-16 4.051105e-16 1.891281e-15 2.478046e-15 2.167633e-15 1.677424e-15 1.247381e-15 9.174529e-16
4.700000e+01 3.338462e-16 3.648004e-16 1.682564e-15 2.315397e-15 2.071510e-15 1.623158e-15 1.216419e-15 8.993378e-16
4.800000e+01 3.301963e-16 3.412172e-16 1.487945e-15 2.156527e-15 1.975534e-15 1.568300e-15 1.184892e-15 8.808017e-16
4.900000e+01 3.223625e-16 3.326013e-16 1.307613e-15 2.001750e-15 1.880099e-15 1.513062e-15 1.152843e-15 8.618174e-16
5.000000e+01 3.107216e-16 3.369791e-16 1.142080e-15 1.851567e-15 1.785209e-15 1.457431e-15 1.120339e-15 8.424792e-16
5.100000e+01 2.959787e-16 3.522054e-16 9.909141e-16 1.706557e-15 1.691457e-15 1.401618e-15 1.087351e-15 8.226929e-16
5.200000e+01 2.784980e-16 3.762245e-16 8.541499e-16 1.566518e-15 1.598823e-15 1.345848e-15 1.054146e-15 8.026512e-16
5.300000e+01 2.593307e-16 4.072311e-16 7.319361e-16 1.431953e-15 1.507218e-15 1.289867e-15 1.020540e-15 7.822782e-16
5.400000e+01 2.387624e-16 4.432437e-16 6.238949e-16 1.303624e-15 1.417256e-15 1.233862e-15 9.864854e-16 7.614453e-16
5.500000e+01 2.179462e-16 4.824630e-16 5.294777e-16 1.181560e-15 1.329384e-15 1.178331e-15 9.523283e-16 7.403386e-16
5.600000e+01 1.976409e-16 5.231926e-16 4.482930e-16 1.065685e-15 1.243501e-15 1.123317e-15 9.182230e-16 7.191510e-16
5.700000e+01 1.766832e-16 5.639976e-16 3.798358e-16 9.562831e-16 1.159641e-15 1.068683e-15 8.840312e-16 6.977909e-16
5.800000e+01 1.572943e-16 6.032424e-16 3.234921e-16 8.535778e-16 1.078103e-15 1.014541e-15 8.497177e-16 6.761666e-16
5.900000e+01 1.413119e-16 6.396391e-16 2.785983e-16 7.577190e-16 9.992080e-16 9.611694e-16 8.154832e-16 6.543983e-16
6.000000e+01 1.268911e-16 6.724455e-16 2.442674e-16 6.685084e-16 9.230679e-16 9.087569e-16 7.814757e-16 6.325893e-16
6.100000e+01 1.144496e-16 7.007463e-16 2.198337e-16 5.858839e-16 8.494320e-16 8.571677e-16 7.476917e-16 6.107881e-16
6.200000e+01 1.045869e-16 7.235933e-16 2.044981e-16 5.102262e-16 7.786821e-16 8.063429e-16 7.139346e-16 5.888406e-16
6.300000e+01 9.744868e-17 7.408462e-16 1.973661e-16 4.412432e-16 7.112124e-16 7.568692e-16 6.805444e-16 5.668305e-16
6.400000e+01 9.243776e-17 7.519930e-16 1.975684e-16 3.787293e-16 6.467598e-16 7.086767e-16 6.477210e-16 5.450621e-16
6.500000e+01 8.969051e-17 7.566341e-16 2.042985e-16 3.226742e-16 5.853906e-16 6.616336e-16 6.152588e-16 5.233864e-16
6.600000e+01 8.910475e-17 7.555569e-16 2.165393e-16 2.728296e-16 5.272948e-16 6.159608e-16 5.832248e-16 5.017502e-16
6.700000e+01 9.008717e-17 7.478937e-16 2.336285e-16 2.290618e-16 4.723570e-16 5.716675e-16 5.517733e-16 4.803170e-16
6.800000e+01 9.239340e-17 7.343699e-16 2.546246e-16 1.911515e-16 4.208224e-16 5.288400e-16 5.208155e-16 4.590120e-16
6.900000e+01 9.563549e-17 7.154983e-16 2.787000e-16 1.587456e-16 3.724808e-16 4.876496e-16 4.906301e-16 4.379895e-16
7.000000e+01 9.939854e-17 6.918517e-16 3.049579e-16 1.316644e-16 3.272960e-16 4.478348e-16 4.610210e-16 4.172436e-16
7.100000e+01 1.033209e-16 6.639146e-16 3.328931e-16 1.096582e-16 2.854217e-16 4.096144e-16 4.320180e-16 3.966439e-16
7.200000e+01 1.071014e-16 6.319483e-16 3.617666e-16 9.243338e-17 2.468315e-16 3.731143e-16 4.038224e-16 3.763727e-16
7.300000e+01 1.103445e-16 5.970962e-16 3.907453e-16 7.964652e-17 2.114356e-16 3.383459e-16 3.764813e-16 3.565026e-16
7.400000e+01 1.128346e-16 5.600376e-16 4.192465e-16 7.093372e-17 1.790690e-16 3.052249e-16 3.499685e-16 3.370348e-16
7.500000e+01 1.143755e-16 5.212105e-16 4.468023e-16 6.599110e-17 1.496678e-16 2.736651e-16 3.241909e-16 3.178993e-16
7.600000e+01 1.148041e-16 4.815934e-16 4.728604e-16 6.455653e-17 1.233329e-16 2.438097e-16 2.991665e-16 2.990401e-16
7.700000e+01 1.140526e-16 4.418188e-16 4.971174e-16 6.624235e-17 9.990320e-17 2.157986e-16 2.751620e-16 2.806576e-16
7.800000e+01 1.120956e-16 4.024500e-16 5.190531e-16 7.074190e-17 7.923943e-17 1.894550e-16 2.520889e-16 2.628194e-16
7.900000e+01 1.089628e-16 3.642510e-16 5.383228e-16 7.765715e-17 6.126448e-17 1.648251e-16 2.299136e-16 2.454009e-16
8.000000e+01 1.047656e-16 3.276960e-16 5.549241e-16 8.679543e-17 4.584223e-17 1.418513e-16 2.086797e-16 2.284876e-16
8.100000e+01 9.962913e-17 2.931961e-16 5.688622e-16 9.788895e-17 3.288088e-17 1.205447e-16 1.883660e-16 2.120426e-16
8.200000e+01 9.372697e-17 2.612799e-16 5.786274e-16 1.100954e-16 2.220773e-17 1.008466e-16 1.690134e-16 1.961253e-16
8.300000e+01 8.725525e-17 2.321987e-16 5.856358e-16 1.237177e-16 1.378376e-17 8.276611e-17 1.505787e-16 1.806955e-16
8.400000e+01 8.042150e-17 2.062382e-16 5.893632e-16 1.382722e-16 7.420486e-18 6.630615e-17 1.331654e-16 1.658298e-16
8.500000e+01 7.344401e-17 1.835578e-16 5.897687e-16 1.534344e-16 2.968777e-18 5.133749e-17 1.166988e-16 1.515478e-16
8.600000e+01 6.653696e-17 1.642917e-16 5.869885e-16 1.689869e-16 3.187844e-19 3.785253e-17 1.011429e-16 1.377642e-16
8.700000e+01 5.989342e-17 1.484672e-16 5.810691e-16 1.846664e-16 -6.816962e-19 2.581178e-17 8.653060e-17 1.245282e-16
8.800000e+01 5.370323e-17 1.359922e-16 5.722122e-16 2.002530e-16 -1.551137e-19 1.518010e-17 7.286865e-17 1.118657e-16
8.900000e+01 4.809336e-17 1.268079e-16 5.605747e-16 2.156161e-16 1.762012e-18 5.902911e-18 6.014520e-17 9.978438e-17
9.000000e+01 4.316088e-17 1.206996e-16 5.463269e-16 2.304584e-16 4.934850e-18 -2.076645e-18 4.833743e-17 8.827371e-17
9.100000e+01 3.906239e-17 1.174545e-16 5.296729e-16 2.445971e-16 9.177284e-18 -8.851291e-18 3.742240e-17 7.734412e-17
9.200000e+01 3.576854e-17 1.167987e-16 5.109561e-16 2.579240e-16 1.439860e-17 -1.449130e-17 2.731474e-17 6.692721e-17
9.300000e+01 3.330438e-17 1.184238e-16 4.904007e-16 2.702772e-16 2.048997e-17 -1.896980e-17 1.808187e-17 5.703969e-17
9.400000e+01 3.165256e-17 1.220147e-16 4.682720e-16 2.815463e-16 2.726574e-17 -2.239645e-17 9.722342e-18 4.776301e-17
9.500000e+01 3.074963e-17 1.271455e-16 4.448442e-16 2.916559e-16 3.464327e-17 -2.484898e-17 2.157786e-18 3.904162e-17
9.600000e+01 3.053155e-17 1.336157e-16 4.204227e-16 3.004970e-16 4.251307e-17 -2.636619e-17 -4.619676e-18 3.085893e-17
9.700000e+01 3.084824e-17 1.408926e-16 3.952471e-16 3.080106e-16 5.070302e-17 -2.703709e-17 -1.064180e-17 2.321716e-17
9.800000e+01 3.160419e-17 1.487580e-16 3.696887e-16 3.140565e-16 5.909494e-17 -2.691113e-17 -1.594063e-17 1.608802e-17
9.900000e+01 3.266606e-17 1.568598e-16 3.439514e-16 3.188448e-16 6.778276e-17 -2.602340e-17 -2.051003e-17 9.498311e-18
1.000000e+02 3.393284e-17 1.647457e-16 3.182953e-16 3.221736e-16 7.644497e-17 -2.449500e-17 -2.442229e-17 3.420357e-18
