2.000000e+00 1.034165e-17 5.145860e-17 5.524653e-17 4.041842e-17 2.793426e-17 1.950088e-17 1.388333e-17 1.006635e-17
3.000000e+00 8.179695e-18 3.841002e-17 4.062805e-17 2.949997e-17 2.029365e-17 1.412226e-17 1.003144e-17 7.261526e-18
4.000000e+00 6.400044e-18 3.168447e-17 3.297257e-17 2.372720e-17 1.623049e-17 1.125124e-17 7.970472e-18 5.757974e-18
5.000000e+00 5.159953e-18 2.778086e-17 2.841858e-17 2.024788e-17 1.376452e-17 9.500279e-18 6.704732e-18 4.827435e-18
6.000000e+00 4.722547e-18 2.530743e-17 2.550136e-17 1.799869e-17 1.215952e-17 8.356129e-18 5.881660e-18 4.228325e-18
7.000000e+00 4.489977e-18 2.363651e-17 2.353420e-17 1.646698e-17 1.105614e-17 7.563308e-18 5.305885e-18 3.804949e-18
8.000000e+00 4.013512e-18 2.249469e-17 2.216306e-17 1.539036e-17 1.027271e-17 6.997069e-18 4.892423e-18 3.499489e-18
9.000000e+00 3.935490e-18 2.161711e-17 2.116541e-17 1.460781e-17 9.702463e-18 6.580706e-18 4.584774e-18 3.270916e-18
1.000000e+01 3.682626e-18 2.090766e-17 2.042806e-17 1.403428e-17 9.282513e-18 6.276423e-18 4.363012e-18 3.106207e-18
1.100000e+01 3.480618e-18 2.026914e-17 1.983906e-17 1.359299e-17 8.963303e-18 6.043588e-18 4.191093e-18 2.977783e-18
1.200000e+01 3.396262e-18 1.967364e-17 1.936158e-17 1.324725e-17 8.714289e-18 5.861682e-18 4.056473e-18 2.877339e-18
1.300000e+01 3.167814e-18 1.907562e-17 1.895249e-17 1.298010e-17 8.527726e-18 5.726329e-18 3.956082e-18 2.801686e-18
1.400000e+01 2.931132e-18 1.844738e-17 1.857268e-17 1.275382e-17 8.378172e-18 5.620290e-18 3.878271e-18 2.743448e-18
1.500000e+01 2.866957e-18 1.778012e-17 1.821198e-17 1.255966e-17 8.257422e-18 5.537150e-18 3.817711e-18 2.698146e-18
1.600000e+01 2.756001e-18 1.704954e-17 1.783744e-17 1.237705e-17 8.153874e-18 5.470358e-18 3.771075e-18 2.664057e-18
1.700000e+01 2.503158e-18 1.626428e-17 1.745216e-17 1.220714e-17 8.064002e-18 5.414740e-18 3.733063e-18 2.636547e-18
1.800000e+01 2.291646e-18 1.541848e-17 1.703471e-17 1.202975e-17 7.978510e-18 5.366802e-18 3.702847e-18 2.615916e-18
1.900000e+01 2.160561e-18 1.451185e-17 1.659107e-17 1.184989e-17 7.897511e-18 5.323993e-18 3.676842e-18 2.598562e-18
2.000000e+01 1.996876e-18 1.355255e-17 1.610540e-17 1.165923e-17 7.816688e-18 5.285203e-18 3.655651e-18 2.585638e-18
2.100000e+01 1.806001e-18 1.254301e-17 1.558676e-17 1.145217e-17 7.729357e-18 5.244211e-18 3.634560e-18 2.573821e-18
2.200000e+01 1.637519e-18 1.149685e-17 1.502646e-17 1.123058e-17 7.640229e-18 5.205230e-18 3.615769e-18 2.563904e-18
2.300000e+01 1.495470e-18 1.041655e-17 1.442648e-17 1.098886e-17 7.541960e-18 5.162675e-18 3.596206e-18 2.554542e-18
2.400000e+01 1.351329e-18 9.319486e-18 1.378702e-17 1.072835e-17 7.435656e-18 5.117316e-18 3.575992e-18 2.545253e-18
2.500000e+01 1.203405e-18 8.212285e-18 1.311684e-17 1.044764e-17 7.320572e-18 5.068068e-18 3.554303e-18 2.535644e-18
2.600000e+01 1.077322e-18 7.103038e-18 1.240948e-17 1.014607e-17 7.194897e-18 5.014033e-18 3.530515e-18 2.525207e-18
2.700000e+01 9.360191e-19 6.007265e-18 1.167436e-17 9.824232e-18 7.058937e-18 4.954864e-18 3.504234e-18 2.513640e-18
2.800000e+01 8.147858e-19 4.937698e-18 1.091388e-17 9.483269e-18 6.912321e-18 4.890362e-18 3.475251e-18 2.500686e-18
2.900000e+01 7.163194e-19 3.899896e-18 1.012829e-17 9.120669e-18 6.754083e-18 4.819886e-18 3.443219e-18 2.486215e-18
3.000000e+01 6.475417e-19 2.907098e-18 9.333721e-18 8.742298e-18 6.584495e-18 4.742340e-18 3.407118e-18 2.469485e-18
3.100000e+01 5.619440e-19 1.964701e-18 8.523337e-18 8.349521e-18 6.406841e-18 4.660403e-18 3.368330e-18 2.450985e-18
3.200000e+01 4.766938e-19 1.076648e-18 7.706774e-18 7.938630e-18 6.216432e-18 4.571304e-18 3.326058e-18 2.430902e-18
3.300000e+01 4.407839e-19 2.663921e-19 6.889112e-18 7.514578e-18 6.016032e-18 4.475588e-18 3.279317e-18 2.407865e-18
3.400000e+01 3.977825e-19 -4.731949e-19 6.075870e-18 7.080451e-18 5.806728e-18 4.374069e-18 3.229123e-18 2.382781e-18
3.500000e+01 3.819603e-19 -1.132474e-18 5.271004e-18 6.636122e-18 5.588718e-18 4.266848e-18 3.175373e-18 2.355463e-18
3.600000e+01 3.475531e-19 -1.713230e-18 4.479779e-18 6.183023e-18 5.361452e-18 4.153433e-18 3.117714e-18 2.325740e-18
3.700000e+01 3.210803e-19 -2.207246e-18 3.706386e-18 5.725482e-18 5.127727e-18 4.034625e-18 3.056157e-18 2.293342e-18
3.800000e+01 3.059609e-19 -2.618092e-18 2.956771e-18 5.262072e-18 4.885857e-18 3.910427e-18 2.991428e-18 2.259056e-18
3.900000e+01 3.162758e-19 -2.942901e-18 2.233433e-18 4.800172e-18 4.638402e-18 3.780382e-18 2.922302e-18 2.221796e-18
4.000000e+01 2.974851e-19 -3.184434e-18 1.542574e-18 4.336910e-18 4.386694e-18 3.647036e-18 2.850686e-18 2.182625e-18
4.100000e+01 3.191931e-19 -3.347890e-18 8.858923e-19 3.876109e-18 4.129694e-18 3.508327e-18 2.775261e-18 2.141061e-18
4.200000e+01 3.608675e-19 -3.429958e-18 2.684372e-19 3.422421e-18 3.870528e-18 3.366169e-18 2.696857e-18 2.097171e-18
4.300000e+01 3.266812e-19 -3.441427e-18 -3.107337e-19 2.972427e-18 3.607965e-18 3.220401e-18 2.615652e-18 2.051315e-18
4.400000e+01 3.539155e-19 -3.384965e-18 -8.442862e-19 2.531726e-18 3.343403e-18 3.070913e-18 2.531431e-18 2.003323e-18
4.500000e+01 3.658378e-19 -3.264524e-18 -1.333048e-18 2.102320e-18 3.078839e-18 2.918778e-18 2.444395e-18 1.953011e-18
4.600000e+01 4.263767e-19 -3.092374e-18 -1.775347e-18 1.684804e-18 2.815378e-18 2.765035e-18 2.355405e-18 1.901035e-18
4.700000e+01 4.543150e-19 -2.870640e-18 -2.168968e-18 1.280635e-18 2.552052e-18 2.609059e-18 2.264419e-18 1.847569e-18
4.800000e+01 3.784937e-19 -2.608133e-18 -2.515996e-18 8.922989e-19 2.291861e-18 2.451534e-18 2.170837e-18 1.791831e-18
4.900000e+01 3.922747e-19 -2.312662e-18 -2.812540e-18 5.201949e-19 2.034003e-18 2.293575e-18 2.076306e-18 1.735007e-18
5.000000e+01 3.629806e-19 -1.990856e-18 -3.060297e-18 1.663617e-19 1.780161e-18 2.134481e-18 1.979721e-18 1.676524e-18
5.100000e+01 3.626519e-19 -1.652219e-18 -3.262078e-18 -1.684926e-19 1.531243e-18 1.975706e-18 1.882068e-18 1.616626e-18
5.200000e+01 3.664958e-19 -1.302098e-18 -3.415267e-18 -4.830453e-19 1.287808e-18 1.817566e-18 1.783698e-18 1.555790e-18
5.300000e+01 3.101453e-19 -9.490292e-19 -3.523537e-18 -7.768871e-19 1.050123e-18 1.659732e-18 1.684172e-18 1.493653e-18
5.400000e+01 3.426869e-19 -5.976606e-19 -3.587474e-18 -1.049650e-18 8.198253e-19 1.503495e-18 1.584142e-18 1.430462e-18
5.500000e+01 4.084075e-19 -2.554961e-19 -3.609813e-18 -1.299084e-18 5.967549e-19 1.348869e-18 1.484118e-18 1.366823e-18
5.600000e+01 3.298390e-19 7.235629e-20 -3.592766e-18 -1.526814e-18 3.822982e-19 1.196491e-18 1.383729e-18 1.302103e-18
5.700000e+01 5.332974e-19 3.803475e-19 -3.537906e-18 -1.731478e-18 1.762844e-19 1.046854e-18 1.284155e-18 1.237375e-18
5.800000e+01 3.608451e-19 6.650220e-19 -3.449765e-18 -1.913063e-18 -2.060739e-20 8.995204e-19 1.184369e-18 1.171900e-18
5.900000e+01 2.798047e-19 9.234357e-19 -3.329580e-18 -2.071597e-18 -2.074389e-19 7.558417e-19 1.085491e-18 1.106147e-18
6.000000e+01 3.537809e-19 1.148755e-18 -3.181495e-18 -2.207635e-18 -3.841378e-19 6.158348e-19 9.876416e-19 1.040465e-18
6.100000e+01 2.463546e-19 1.345260e-18 -3.007782e-18 -2.321406e-18 -5.509742e-19 4.795332e-19 8.908621e-19 9.748105e-19
6.200000e+01 2.644584e-19 1.508468e-18 -2.812265e-18 -2.412434e-18 -7.066758e-19 3.471315e-19 7.950784e-19 9.091296e-19
6.300000e+01 1.824478e-19 1.635505e-18 -2.598738e-18 -2.482169e-18 -8.511294e-19 2.198492e-19 7.009856e-19 8.435865e-19
6.400000e+01 5.437108e-20 1.730023e-18 -2.369717e-18 -2.531419e-18 -9.849447e-19 9.723950e-20 6.090633e-19 7.790114e-19
6.500000e+01 2.320358e-19 1.789481e-18 -2.128500e-18 -2.560255e-18 -1.107445e-18 -2.077610e-20 5.185643e-19 7.146795e-19
6.600000e+01 2.181356e-19 1.816571e-18 -1.878489e-18 -2.569826e-18 -1.218356e-18 -1.333294e-19 4.301435e-19 6.508435e-19
6.700000e+01 1.839727e-19 1.815508e-18 -1.623303e-18 -2.561350e-18 -1.318121e-18 -2.403995e-19 3.442649e-19 5.880389e-19
6.800000e+01 1.884022e-19 1.785071e-18 -1.365498e-18 -2.535409e-18 -1.406546e-18 -3.420846e-19 2.605882e-19 5.260644e-19
6.900000e+01 1.627846e-19 1.730756e-18 -1.107619e-18 -2.493255e-18 -1.483948e-18 -4.379909e-19 1.795468e-19 4.650230e-19
7.000000e+01 1.719425e-19 1.651179e-18 -8.529730e-19 -2.435980e-18 -1.550457e-18 -5.283812e-19 1.010466e-19 4.051448e-19
7.100000e+01 1.596101e-19 1.552897e-18 -6.037992e-19 -2.364801e-18 -1.605704e-18 -6.125150e-19 2.545213e-20 3.463770e-19
7.200000e+01 1.712203e-19 1.438262e-18 -3.627037e-19 -2.280964e-18 -1.650483e-18 -6.907034e-19 -4.707656e-20 2.890915e-19
7.300000e+01 1.745917e-19 1.310373e-18 -1.314031e-19 -2.185734e-18 -1.684974e-18 -7.629732e-19 -1.166378e-19 2.331995e-19
7.400000e+01 1.619419e-19 1.173502e-18 8.779495e-20 -2.080434e-18 -1.709661e-18 -8.294435e-19 -1.831720e-19 1.787806e-19
7.500000e+01 1.629391e-19 1.029253e-18 2.937000e-19 -1.966087e-18 -1.724606e-18 -8.900488e-19 -2.467541e-19 1.257026e-19
7.600000e+01 1.744135e-19 8.828279e-19 4.845211e-19 -1.844208e-18 -1.730021e-18 -9.442604e-19 -3.068424e-19 7.429722e-20
7.700000e+01 1.722247e-19 7.367159e-19 6.591527e-19 -1.715976e-18 -1.726625e-18 -9.925791e-19 -3.635387e-19 2.475522e-20
7.800000e+01 1.790125e-19 5.931642e-19 8.167460e-19 -1.582783e-18 -1.714943e-18 -1.035166e-18 -4.169141e-19 -2.299738e-20
7.900000e+01 1.749184e-19 4.558105e-19 9.566446e-19 -1.445648e-18 -1.695158e-18 -1.071931e-18 -4.669459e-19 -6.901215e-20
8.000000e+01 1.665647e-19 3.258012e-19 1.077978e-18 -1.305930e-18 -1.667870e-18 -1.102988e-18 -5.135924e-19 -1.132068e-19
8.100000e+01 1.803037e-19 2.056743e-19 1.180869e-18 -1.164646e-18 -1.633649e-18 -1.128544e-18 -5.567971e-19 -1.554360e-19
8.200000e+01 1.799280e-19 9.760691e-20 1.265249e-18 -1.023048e-18 -1.592967e-18 -1.148718e-18 -5.965455e-19 -1.956491e-19
8.300000e+01 1.837768e-19 1.912591e-21 1.331437e-18 -8.819771e-19 -1.546262e-18 -1.163636e-18 -6.329873e-19 -2.339744e-19
8.400000e+01 1.783369e-19 -7.980949e-20 1.379415e-18 -7.426663e-19 -1.494113e-18 -1.173434e-18 -6.660176e-19 -2.703202e-19
8.500000e+01 1.797828e-19 -1.472738e-19 1.410500e-18 -6.059208e-19 -1.437183e-18 -1.178352e-18 -6.956379e-19 -3.045609e-19
8.600000e+01 1.802020e-19 -1.998732e-19 1.424393e-18 -4.726761e-19 -1.375843e-18 -1.178576e-18 -7.219980e-19 -3.367877e-19
8.700000e+01 1.771446e-19 -2.377897e-19 1.422374e-18 -3.435407e-19 -1.310679e-18 -1.174399e-18 -7.451966e-19 -3.670573e-19
8.800000e+01 1.700027e-19 -2.620842e-19 1.405626e-18 -2.196595e-19 -1.242210e-18 -1.165807e-18 -7.650740e-19 -3.952194e-19
8.900000e+01 1.715724e-19 -2.726999e-19 1.375118e-18 -1.013947e-19 -1.171133e-18 -1.153261e-18 -7.818323e-19 -4.212693e-19
9.000000e+01 1.655768e-19 -2.700867e-19 1.332286e-18 1.086219e-20 -1.097647e-18 -1.136852e-18 -7.956219e-19 -4.454334e-19
9.100000e+01 1.506268e-19 -2.566588e-19 1.277934e-18 1.161925e-19 -1.022582e-18 -1.116820e-18 -8.062008e-19 -4.673501e-19
9.200000e+01 1.442312e-19 -2.323036e-19 1.213937e-18 2.144601e-19 -9.462095e-19 -1.093568e-18 -8.141286e-19 -4.873652e-19
9.300000e+01 1.459699e-19 -1.993242e-19 1.140972e-18 3.052407e-19 -8.686776e-19 -1.066560e-18 -8.189503e-19 -5.054811e-19
9.400000e+01 1.321767e-19 -1.597364e-19 1.061006e-18 3.882318e-19 -7.915802e-19 -1.037840e-18 -8.215070e-19 -5.215680e-19
9.500000e+01 1.122290e-19 -1.123830e-19 9.746654e-19 4.631911e-19 -7.143970e-19 -1.006181e-18 -8.213698e-19 -5.357827e-19
9.600000e+01 1.181395e-19 -6.215325e-20 8.832125e-19 5.300891e-19 -6.376005e-19 -9.719301e-19 -8.185862e-19 -5.480296e-19
9.700000e+01 1.118350e-19 -8.855253e-21 7.912878e-19 5.888135e-19 -5.618655e-19 -9.357826e-19 -8.135624e-19 -5.584732e-19
9.800000e+01 1.023119e-19 4.556101e-20 6.959526e-19 6.394380e-19 -4.873859e-19 -8.977551e-19 -8.063261e-19 -5.671939e-19
9.900000e+01 1.186281e-19 1.000391e-19 6.000544e-19 6.819146e-19 -4.145848e-19 -8.580845e-19 -7.968656e-19 -5.740955e-19
1.000000e+02 1.006300e-19 1.532938e-19 5.045508e-19 7.163665e-19 -3.437533e-19 -8.170832e-19 -7.853930e-19 -5.792370e-19
