2.000000e+00 5.170217e-14
3.000000e+00 7.150085e-14
4.000000e+00 9.105690e-14
5.000000e+00 1.104042e-13
6.000000e+00 1.295595e-13
7.000000e+00 1.485311e-13
8.000000e+00 1.673220e-13
9.000000e+00 1.859322e-13
1.000000e+01 2.043597e-13
1.100000e+01 2.226000e-13
1.200000e+01 2.406491e-13
1.300000e+01 2.585030e-13
1.400000e+01 2.761578e-13
1.500000e+01 2.936091e-13
1.600000e+01 3.108503e-13
1.700000e+01 3.278789e-13
1.800000e+01 3.446892e-13
1.900000e+01 3.612765e-13
2.000000e+01 3.776383e-13
2.100000e+01 3.937711e-13
2.200000e+01 4.096700e-13
2.300000e+01 4.253343e-13
2.400000e+01 4.407594e-13
2.500000e+01 4.559455e-13
2.600000e+01 4.708894e-13
2.700000e+01 4.855901e-13
2.800000e+01 5.000465e-13
2.900000e+01 5.142589e-13
3.000000e+01 5.282262e-13
3.100000e+01 5.419494e-13
3.200000e+01 5.554273e-13
3.300000e+01 5.686619e-13
3.400000e+01 5.816540e-13
3.500000e+01 5.944046e-13
3.600000e+01 6.069151e-13
3.700000e+01 6.191870e-13
3.800000e+01 6.312222e-13
3.900000e+01 6.430229e-13
4.000000e+01 6.545917e-13
4.100000e+01 6.659297e-13
4.200000e+01 6.770400e-13
4.300000e+01 6.879257e-13
4.400000e+01 6.985875e-13
4.500000e+01 7.090297e-13
4.600000e+01 7.192548e-13
4.700000e+01 7.292650e-13
4.800000e+01 7.390631e-13
4.900000e+01 7.486521e-13
5.000000e+01 7.580344e-13
5.100000e+01 7.672131e-13
5.200000e+01 7.761895e-13
5.300000e+01 7.849684e-13
5.400000e+01 7.935510e-13
5.500000e+01 8.019401e-13
5.600000e+01 8.101383e-13
5.700000e+01 8.181483e-13
5.800000e+01 8.259728e-13
5.900000e+01 8.336133e-13
6.000000e+01 8.410724e-13
6.100000e+01 8.483528e-13
6.200000e+01 8.554564e-13
6.300000e+01 8.623854e-13
6.400000e+01 8.691422e-13
6.500000e+01 8.757294e-13
6.600000e+01 8.821476e-13
6.700000e+01 8.883990e-13
6.800000e+01 8.944869e-13
6.900000e+01 9.004124e-13
7.000000e+01 9.061767e-13
7.100000e+01 9.117834e-13
7.200000e+01 9.172333e-13
7.300000e+01 9.225274e-13
7.400000e+01 9.276687e-13
7.500000e+01 9.326588e-13
7.600000e+01 9.374989e-13
7.700000e+01 9.421911e-13
7.800000e+01 9.467368e-13
7.900000e+01 9.511376e-13
8.000000e+01 9.553956e-13
8.100000e+01 9.595121e-13
8.200000e+01 9.634890e-13
8.300000e+01 9.673280e-13
8.400000e+01 9.710305e-13
8.500000e+01 9.745979e-13
8.600000e+01 9.780314e-13
8.700000e+01 9.813336e-13
8.800000e+01 9.845063e-13
8.900000e+01 9.875497e-13
9.000000e+01 9.904662e-13
9.100000e+01 9.932569e-13
9.200000e+01 9.959234e-13
9.300000e+01 9.984682e-13
9.400000e+01 1.000893e-12
9.500000e+01 1.003196e-12
9.600000e+01 1.005382e-12
9.700000e+01 1.007451e-12
9.800000e+01 1.009406e-12
9.900000e+01 1.011247e-12
1.000000e+02 1.012976e-12
