2.000000e+00 8.546205e-31
3.000000e+00 1.182001e-30
4.000000e+00 1.505482e-30
5.000000e+00 1.825650e-30
6.000000e+00 2.142812e-30
7.000000e+00 2.457130e-30
8.000000e+00 2.768676e-30
9.000000e+00 3.077474e-30
1.000000e+01 3.383510e-30
1.100000e+01 3.686739e-30
1.200000e+01 3.987088e-30
1.300000e+01 4.284524e-30
1.400000e+01 4.578969e-30
1.500000e+01 4.870385e-30
1.600000e+01 5.158659e-30
1.700000e+01 5.443744e-30
1.800000e+01 5.725569e-30
1.900000e+01 6.004039e-30
2.000000e+01 6.279096e-30
2.100000e+01 6.550701e-30
2.200000e+01 6.818762e-30
2.300000e+01 7.083235e-30
2.400000e+01 7.344062e-30
2.500000e+01 7.601203e-30
2.600000e+01 7.854614e-30
2.700000e+01 8.104253e-30
2.800000e+01 8.350076e-30
2.900000e+01 8.592074e-30
3.000000e+01 8.830209e-30
3.100000e+01 9.064478e-30
3.200000e+01 9.294853e-30
3.300000e+01 9.521317e-30
3.400000e+01 9.743881e-30
3.500000e+01 9.962539e-30
3.600000e+01 1.017729e-29
3.700000e+01 1.038814e-29
3.800000e+01 1.059510e-29
3.900000e+01 1.079817e-29
4.000000e+01 1.099740e-29
4.100000e+01 1.119279e-29
4.200000e+01 1.138435e-29
4.300000e+01 1.157213e-29
4.400000e+01 1.175614e-29
4.500000e+01 1.193640e-29
4.600000e+01 1.211297e-29
4.700000e+01 1.228587e-29
4.800000e+01 1.245514e-29
4.900000e+01 1.262080e-29
5.000000e+01 1.278291e-29
5.100000e+01 1.294148e-29
5.200000e+01 1.309658e-29
5.300000e+01 1.324821e-29
5.400000e+01 1.339646e-29
5.500000e+01 1.354133e-29
5.600000e+01 1.368287e-29
5.700000e+01 1.382113e-29
5.800000e+01 1.395615e-29
5.900000e+01 1.408796e-29
6.000000e+01 1.421661e-29
6.100000e+01 1.434213e-29
6.200000e+01 1.446456e-29
6.300000e+01 1.458395e-29
6.400000e+01 1.470033e-29
6.500000e+01 1.481374e-29
6.600000e+01 1.492423e-29
6.700000e+01 1.503181e-29
6.800000e+01 1.513652e-29
6.900000e+01 1.523841e-29
7.000000e+01 1.533752e-29
7.100000e+01 1.543386e-29
7.200000e+01 1.552748e-29
7.300000e+01 1.561842e-29
7.400000e+01 1.570670e-29
7.500000e+01 1.579234e-29
7.600000e+01 1.587540e-29
7.700000e+01 1.595589e-29
7.800000e+01 1.603385e-29
7.900000e+01 1.610930e-29
8.000000e+01 1.618227e-29
8.100000e+01 1.625280e-29
8.200000e+01 1.632090e-29
8.300000e+01 1.638661e-29
8.400000e+01 1.644996e-29
8.500000e+01 1.651098e-29
8.600000e+01 1.656969e-29
8.700000e+01 1.662611e-29
8.800000e+01 1.668025e-29
8.900000e+01 1.673218e-29
9.000000e+01 1.678191e-29
9.100000e+01 1.682945e-29
9.200000e+01 1.687484e-29
9.300000e+01 1.691809e-29
9.400000e+01 1.695924e-29
9.500000e+01 1.699832e-29
9.600000e+01 1.703535e-29
9.700000e+01 1.707033e-29
9.800000e+01 1.710330e-29
9.900000e+01 1.713430e-29
1.000000e+02 1.716333e-29
