2.000000e+00 3.276430e-18
3.000000e+00 4.532220e-18
4.000000e+00 5.773710e-18
5.000000e+00 7.003338e-18
6.000000e+00 8.222450e-18
7.000000e+00 9.431808e-18
8.000000e+00 1.063186e-17
9.000000e+00 1.182283e-17
1.000000e+01 1.300482e-17
1.100000e+01 1.417781e-17
1.200000e+01 1.534158e-17
1.300000e+01 1.649612e-17
1.400000e+01 1.764122e-17
1.500000e+01 1.877682e-17
1.600000e+01 1.990265e-17
1.700000e+01 2.101843e-17
1.800000e+01 2.212405e-17
1.900000e+01 2.321921e-17
2.000000e+01 2.430362e-17
2.100000e+01 2.537712e-17
2.200000e+01 2.643953e-17
2.300000e+01 2.749047e-17
2.400000e+01 2.852985e-17
2.500000e+01 2.955735e-17
2.600000e+01 3.057285e-17
2.700000e+01 3.157609e-17
2.800000e+01 3.256689e-17
2.900000e+01 3.354503e-17
3.000000e+01 3.451040e-17
3.100000e+01 3.546280e-17
3.200000e+01 3.640209e-17
3.300000e+01 3.732809e-17
3.400000e+01 3.824067e-17
3.500000e+01 3.913972e-17
3.600000e+01 4.002515e-17
3.700000e+01 4.089683e-17
3.800000e+01 4.175468e-17
3.900000e+01 4.259857e-17
4.000000e+01 4.342849e-17
4.100000e+01 4.424434e-17
4.200000e+01 4.504614e-17
4.300000e+01 4.583377e-17
4.400000e+01 4.660719e-17
4.500000e+01 4.736649e-17
4.600000e+01 4.811154e-17
4.700000e+01 4.884236e-17
4.800000e+01 4.955902e-17
4.900000e+01 5.026150e-17
5.000000e+01 5.094982e-17
5.100000e+01 5.162403e-17
5.200000e+01 5.228416e-17
5.300000e+01 5.293026e-17
5.400000e+01 5.356239e-17
5.500000e+01 5.418053e-17
5.600000e+01 5.478489e-17
5.700000e+01 5.537547e-17
5.800000e+01 5.595233e-17
5.900000e+01 5.651559e-17
6.000000e+01 5.706532e-17
6.100000e+01 5.760166e-17
6.200000e+01 5.812467e-17
6.300000e+01 5.863442e-17
6.400000e+01 5.913106e-17
6.500000e+01 5.961470e-17
6.600000e+01 6.008544e-17
6.700000e+01 6.054343e-17
6.800000e+01 6.098877e-17
6.900000e+01 6.142160e-17
7.000000e+01 6.184195e-17
7.100000e+01 6.224998e-17
7.200000e+01 6.264592e-17
7.300000e+01 6.302982e-17
7.400000e+01 6.340178e-17
7.500000e+01 6.376198e-17
7.600000e+01 6.411057e-17
7.700000e+01 6.444760e-17
7.800000e+01 6.477325e-17
7.900000e+01 6.508766e-17
8.000000e+01 6.539095e-17
8.100000e+01 6.568323e-17
8.200000e+01 6.596465e-17
8.300000e+01 6.623534e-17
8.400000e+01 6.649543e-17
8.500000e+01 6.674504e-17
8.600000e+01 6.698428e-17
8.700000e+01 6.721331e-17
8.800000e+01 6.743227e-17
8.900000e+01 6.764130e-17
9.000000e+01 6.784042e-17
9.100000e+01 6.802977e-17
9.200000e+01 6.820957e-17
9.300000e+01 6.837993e-17
9.400000e+01 6.854091e-17
9.500000e+01 6.869264e-17
9.600000e+01 6.883524e-17
9.700000e+01 6.896880e-17
9.800000e+01 6.909353e-17
9.900000e+01 6.920953e-17
1.000000e+02 6.931685e-17
