2.000000e+00 2.412906e-15
3.000000e+00 3.337798e-15
4.000000e+00 4.252230e-15
5.000000e+00 5.158015e-15
6.000000e+00 6.056165e-15
7.000000e+00 6.947257e-15
8.000000e+00 7.831639e-15
9.000000e+00 8.709495e-15
1.000000e+01 9.580909e-15
1.100000e+01 1.044589e-14
1.200000e+01 1.130429e-14
1.300000e+01 1.215611e-14
1.400000e+01 1.300121e-14
1.500000e+01 1.383954e-14
1.600000e+01 1.467094e-14
1.700000e+01 1.549521e-14
1.800000e+01 1.631226e-14
1.900000e+01 1.712189e-14
2.000000e+01 1.792389e-14
2.100000e+01 1.871813e-14
2.200000e+01 1.950451e-14
2.300000e+01 2.028275e-14
2.400000e+01 2.105275e-14
2.500000e+01 2.181433e-14
2.600000e+01 2.256735e-14
2.700000e+01 2.331166e-14
2.800000e+01 2.404709e-14
2.900000e+01 2.477350e-14
3.000000e+01 2.549077e-14
3.100000e+01 2.619880e-14
3.200000e+01 2.689742e-14
3.300000e+01 2.758654e-14
3.400000e+01 2.826604e-14
3.500000e+01 2.893581e-14
3.600000e+01 2.959579e-14
3.700000e+01 3.024588e-14
3.800000e+01 3.088599e-14
3.900000e+01 3.151604e-14
4.000000e+01 3.213598e-14
4.100000e+01 3.274573e-14
4.200000e+01 3.334530e-14
4.300000e+01 3.393459e-14
4.400000e+01 3.451354e-14
4.500000e+01 3.508220e-14
4.600000e+01 3.564048e-14
4.700000e+01 3.618836e-14
4.800000e+01 3.672587e-14
4.900000e+01 3.725301e-14
5.000000e+01 3.776975e-14
5.100000e+01 3.827612e-14
5.200000e+01 3.877212e-14
5.300000e+01 3.925778e-14
5.400000e+01 3.973313e-14
5.500000e+01 4.019813e-14
5.600000e+01 4.065290e-14
5.700000e+01 4.109748e-14
5.800000e+01 4.153186e-14
5.900000e+01 4.195612e-14
6.000000e+01 4.237028e-14
6.100000e+01 4.277446e-14
6.200000e+01 4.316869e-14
6.300000e+01 4.355298e-14
6.400000e+01 4.392746e-14
6.500000e+01 4.429217e-14
6.600000e+01 4.464719e-14
6.700000e+01 4.499262e-14
6.800000e+01 4.532853e-14
6.900000e+01 4.565499e-14
7.000000e+01 4.597207e-14
7.100000e+01 4.627980e-14
7.200000e+01 4.657836e-14
7.300000e+01 4.686785e-14
7.400000e+01 4.714827e-14
7.500000e+01 4.741975e-14
7.600000e+01 4.768242e-14
7.700000e+01 4.793632e-14
7.800000e+01 4.818154e-14
7.900000e+01 4.841821e-14
8.000000e+01 4.864641e-14
8.100000e+01 4.886623e-14
8.200000e+01 4.907775e-14
8.300000e+01 4.928108e-14
8.400000e+01 4.947632e-14
8.500000e+01 4.966356e-14
8.600000e+01 4.984288e-14
8.700000e+01 5.001437e-14
8.800000e+01 5.017817e-14
8.900000e+01 5.033438e-14
9.000000e+01 5.048304e-14
9.100000e+01 5.062421e-14
9.200000e+01 5.075803e-14
9.300000e+01 5.088465e-14
9.400000e+01 5.100411e-14
9.500000e+01 5.111648e-14
9.600000e+01 5.122187e-14
9.700000e+01 5.132036e-14
9.800000e+01 5.141204e-14
9.900000e+01 5.149705e-14
1.000000e+02 5.157547e-14
