2.000000e+00 2.840339e-25
3.000000e+00 3.928089e-25
4.000000e+00 5.002587e-25
5.000000e+00 6.065711e-25
6.000000e+00 7.118404e-25
7.000000e+00 8.161139e-25
8.000000e+00 9.194094e-25
9.000000e+00 1.021728e-24
1.000000e+01 1.123062e-24
1.100000e+01 1.223386e-24
1.200000e+01 1.322678e-24
1.300000e+01 1.420920e-24
1.400000e+01 1.518088e-24
1.500000e+01 1.614160e-24
1.600000e+01 1.709101e-24
1.700000e+01 1.802894e-24
1.800000e+01 1.895512e-24
1.900000e+01 1.986926e-24
2.000000e+01 2.077121e-24
2.100000e+01 2.166080e-24
2.200000e+01 2.253774e-24
2.300000e+01 2.340198e-24
2.400000e+01 2.425327e-24
2.500000e+01 2.509159e-24
2.600000e+01 2.591676e-24
2.700000e+01 2.672873e-24
2.800000e+01 2.752740e-24
2.900000e+01 2.831279e-24
3.000000e+01 2.908482e-24
3.100000e+01 2.984353e-24
3.200000e+01 3.058884e-24
3.300000e+01 3.132084e-24
3.400000e+01 3.203957e-24
3.500000e+01 3.274506e-24
3.600000e+01 3.343738e-24
3.700000e+01 3.411660e-24
3.800000e+01 3.478281e-24
3.900000e+01 3.543611e-24
4.000000e+01 3.607665e-24
4.100000e+01 3.670447e-24
4.200000e+01 3.731971e-24
4.300000e+01 3.792257e-24
4.400000e+01 3.851306e-24
4.500000e+01 3.909140e-24
4.600000e+01 3.965774e-24
4.700000e+01 4.021219e-24
4.800000e+01 4.075489e-24
4.900000e+01 4.128602e-24
5.000000e+01 4.180568e-24
5.100000e+01 4.231407e-24
5.200000e+01 4.281124e-24
5.300000e+01 4.329745e-24
5.400000e+01 4.377279e-24
5.500000e+01 4.423738e-24
5.600000e+01 4.469140e-24
5.700000e+01 4.513496e-24
5.800000e+01 4.556824e-24
5.900000e+01 4.599133e-24
6.000000e+01 4.640435e-24
6.100000e+01 4.680745e-24
6.200000e+01 4.720076e-24
6.300000e+01 4.758439e-24
6.400000e+01 4.795847e-24
6.500000e+01 4.832315e-24
6.600000e+01 4.867849e-24
6.700000e+01 4.902457e-24
6.800000e+01 4.936157e-24
6.900000e+01 4.968961e-24
7.000000e+01 5.000871e-24
7.100000e+01 5.031907e-24
7.200000e+01 5.062077e-24
7.300000e+01 5.091384e-24
7.400000e+01 5.119843e-24
7.500000e+01 5.147467e-24
7.600000e+01 5.174259e-24
7.700000e+01 5.200233e-24
7.800000e+01 5.225396e-24
7.900000e+01 5.249756e-24
8.000000e+01 5.273326e-24
8.100000e+01 5.296112e-24
8.200000e+01 5.318123e-24
8.300000e+01 5.339371e-24
8.400000e+01 5.359863e-24
8.500000e+01 5.379609e-24
8.600000e+01 5.398611e-24
8.700000e+01 5.416883e-24
8.800000e+01 5.434439e-24
8.900000e+01 5.451279e-24
9.000000e+01 5.467414e-24
9.100000e+01 5.482852e-24
9.200000e+01 5.497602e-24
9.300000e+01 5.511674e-24
9.400000e+01 5.525080e-24
9.500000e+01 5.537820e-24
9.600000e+01 5.549899e-24
9.700000e+01 5.561336e-24
9.800000e+01 5.572134e-24
9.900000e+01 5.582301e-24
1.000000e+02 5.591852e-24
