2.000000e+00 9.526644e-16
3.000000e+00 1.317856e-15
4.000000e+00 1.678942e-15
5.000000e+00 2.036646e-15
6.000000e+00 2.391372e-15
7.000000e+00 2.743356e-15
8.000000e+00 3.092739e-15
9.000000e+00 3.439603e-15
1.000000e+01 3.783984e-15
1.100000e+01 4.125891e-15
1.200000e+01 4.465274e-15
1.300000e+01 4.802133e-15
1.400000e+01 5.136420e-15
1.500000e+01 5.468119e-15
1.600000e+01 5.797172e-15
1.700000e+01 6.123499e-15
1.800000e+01 6.447072e-15
1.900000e+01 6.767817e-15
2.000000e+01 7.085650e-15
2.100000e+01 7.400523e-15
2.200000e+01 7.712394e-15
2.300000e+01 8.021162e-15
2.400000e+01 8.326782e-15
2.500000e+01 8.629188e-15
2.600000e+01 8.928318e-15
2.700000e+01 9.224122e-15
2.800000e+01 9.516529e-15
2.900000e+01 9.805479e-15
3.000000e+01 1.009093e-14
3.100000e+01 1.037283e-14
3.200000e+01 1.065112e-14
3.300000e+01 1.092576e-14
3.400000e+01 1.119670e-14
3.500000e+01 1.146390e-14
3.600000e+01 1.172732e-14
3.700000e+01 1.198692e-14
3.800000e+01 1.224266e-14
3.900000e+01 1.249452e-14
4.000000e+01 1.274246e-14
4.100000e+01 1.298645e-14
4.200000e+01 1.322649e-14
4.300000e+01 1.346253e-14
4.400000e+01 1.369455e-14
4.500000e+01 1.392255e-14
4.600000e+01 1.414651e-14
4.700000e+01 1.436639e-14
4.800000e+01 1.458223e-14
4.900000e+01 1.479399e-14
5.000000e+01 1.500168e-14
5.100000e+01 1.520528e-14
5.200000e+01 1.540482e-14
5.300000e+01 1.560027e-14
5.400000e+01 1.579165e-14
5.500000e+01 1.597895e-14
5.600000e+01 1.616219e-14
5.700000e+01 1.634140e-14
5.800000e+01 1.651655e-14
5.900000e+01 1.668769e-14
6.000000e+01 1.685481e-14
6.100000e+01 1.701794e-14
6.200000e+01 1.717711e-14
6.300000e+01 1.733231e-14
6.400000e+01 1.748358e-14
6.500000e+01 1.763093e-14
6.600000e+01 1.777440e-14
6.700000e+01 1.791402e-14
6.800000e+01 1.804980e-14
6.900000e+01 1.818178e-14
7.000000e+01 1.830999e-14
7.100000e+01 1.843442e-14
7.200000e+01 1.855514e-14
7.300000e+01 1.867219e-14
7.400000e+01 1.878558e-14
7.500000e+01 1.889533e-14
7.600000e+01 1.900151e-14
7.700000e+01 1.910414e-14
7.800000e+01 1.920323e-14
7.900000e+01 1.929885e-14
8.000000e+01 1.939101e-14
8.100000e+01 1.947976e-14
8.200000e+01 1.956513e-14
8.300000e+01 1.964716e-14
8.400000e+01 1.972588e-14
8.500000e+01 1.980133e-14
8.600000e+01 1.987355e-14
8.700000e+01 1.994256e-14
8.800000e+01 2.000842e-14
8.900000e+01 2.007117e-14
9.000000e+01 2.013085e-14
9.100000e+01 2.018745e-14
9.200000e+01 2.024103e-14
9.300000e+01 2.029165e-14
9.400000e+01 2.033936e-14
9.500000e+01 2.038414e-14
9.600000e+01 2.042607e-14
9.700000e+01 2.046517e-14
9.800000e+01 2.050147e-14
9.900000e+01 2.053502e-14
1.000000e+02 2.056588e-14
