2.000000e+00 2.056120e-15
3.000000e+00 2.844187e-15
4.000000e+00 3.623278e-15
5.000000e+00 4.394922e-15
6.000000e+00 5.159962e-15
7.000000e+00 5.918877e-15
8.000000e+00 6.671948e-15
9.000000e+00 7.419315e-15
1.000000e+01 8.161037e-15
1.100000e+01 8.897105e-15
1.200000e+01 9.627382e-15
1.300000e+01 1.035186e-14
1.400000e+01 1.107041e-14
1.500000e+01 1.178298e-14
1.600000e+01 1.248941e-14
1.700000e+01 1.318954e-14
1.800000e+01 1.388327e-14
1.900000e+01 1.457043e-14
2.000000e+01 1.525084e-14
2.100000e+01 1.592439e-14
2.200000e+01 1.659097e-14
2.300000e+01 1.725034e-14
2.400000e+01 1.790244e-14
2.500000e+01 1.854709e-14
2.600000e+01 1.918419e-14
2.700000e+01 1.981359e-14
2.800000e+01 2.043517e-14
2.900000e+01 2.104879e-14
3.000000e+01 2.165440e-14
3.100000e+01 2.225185e-14
3.200000e+01 2.284107e-14
3.300000e+01 2.342194e-14
3.400000e+01 2.399438e-14
3.500000e+01 2.455832e-14
3.600000e+01 2.511370e-14
3.700000e+01 2.566046e-14
3.800000e+01 2.619852e-14
3.900000e+01 2.672782e-14
4.000000e+01 2.724834e-14
4.100000e+01 2.776003e-14
4.200000e+01 2.826290e-14
4.300000e+01 2.875687e-14
4.400000e+01 2.924192e-14
4.500000e+01 2.971810e-14
4.600000e+01 3.018534e-14
4.700000e+01 3.064365e-14
4.800000e+01 3.109307e-14
4.900000e+01 3.153359e-14
5.000000e+01 3.196522e-14
5.100000e+01 3.238800e-14
5.200000e+01 3.280194e-14
5.300000e+01 3.320708e-14
5.400000e+01 3.360345e-14
5.500000e+01 3.399104e-14
5.600000e+01 3.437000e-14
5.700000e+01 3.474030e-14
5.800000e+01 3.510201e-14
5.900000e+01 3.545517e-14
6.000000e+01 3.579985e-14
6.100000e+01 3.613614e-14
6.200000e+01 3.646407e-14
6.300000e+01 3.678367e-14
6.400000e+01 3.709506e-14
6.500000e+01 3.739829e-14
6.600000e+01 3.769345e-14
6.700000e+01 3.798060e-14
6.800000e+01 3.825982e-14
6.900000e+01 3.853120e-14
7.000000e+01 3.879475e-14
7.100000e+01 3.905059e-14
7.200000e+01 3.929884e-14
7.300000e+01 3.953955e-14
7.400000e+01 3.977276e-14
7.500000e+01 3.999862e-14
7.600000e+01 4.021719e-14
7.700000e+01 4.042852e-14
7.800000e+01 4.063271e-14
7.900000e+01 4.082987e-14
8.000000e+01 4.102005e-14
8.100000e+01 4.120333e-14
8.200000e+01 4.137981e-14
8.300000e+01 4.154956e-14
8.400000e+01 4.171267e-14
8.500000e+01 4.186921e-14
8.600000e+01 4.201925e-14
8.700000e+01 4.216289e-14
8.800000e+01 4.230023e-14
8.900000e+01 4.243134e-14
9.000000e+01 4.255624e-14
9.100000e+01 4.267502e-14
9.200000e+01 4.278782e-14
9.300000e+01 4.289470e-14
9.400000e+01 4.299569e-14
9.500000e+01 4.309090e-14
9.600000e+01 4.318038e-14
9.700000e+01 4.326420e-14
9.800000e+01 4.334248e-14
9.900000e+01 4.341530e-14
1.000000e+02 4.348267e-14
