2.000000e+00 4.224080e-16
3.000000e+00 5.843504e-16
4.000000e+00 7.444889e-16
5.000000e+00 9.031494e-16
6.000000e+00 1.060516e-15
7.000000e+00 1.216697e-15
8.000000e+00 1.371759e-15
9.000000e+00 1.525743e-15
1.000000e+01 1.678668e-15
1.100000e+01 1.830543e-15
1.200000e+01 1.981351e-15
1.300000e+01 2.131091e-15
1.400000e+01 2.279749e-15
1.500000e+01 2.427315e-15
1.600000e+01 2.573774e-15
1.700000e+01 2.719089e-15
1.800000e+01 2.863248e-15
1.900000e+01 3.006226e-15
2.000000e+01 3.147985e-15
2.100000e+01 3.288504e-15
2.200000e+01 3.427765e-15
2.300000e+01 3.565732e-15
2.400000e+01 3.702376e-15
2.500000e+01 3.837677e-15
2.600000e+01 3.971600e-15
2.700000e+01 4.104131e-15
2.800000e+01 4.235233e-15
2.900000e+01 4.364886e-15
3.000000e+01 4.493059e-15
3.100000e+01 4.619740e-15
3.200000e+01 4.744895e-15
3.300000e+01 4.868514e-15
3.400000e+01 4.990562e-15
3.500000e+01 5.111023e-15
3.600000e+01 5.229881e-15
3.700000e+01 5.347115e-15
3.800000e+01 5.462709e-15
3.900000e+01 5.576642e-15
4.000000e+01 5.688900e-15
4.100000e+01 5.799467e-15
4.200000e+01 5.908331e-15
4.300000e+01 6.015484e-15
4.400000e+01 6.120903e-15
4.500000e+01 6.224581e-15
4.600000e+01 6.326519e-15
4.700000e+01 6.426689e-15
4.800000e+01 6.525092e-15
4.900000e+01 6.621726e-15
5.000000e+01 6.716581e-15
5.100000e+01 6.809651e-15
5.200000e+01 6.900935e-15
5.300000e+01 6.990425e-15
5.400000e+01 7.078123e-15
5.500000e+01 7.164028e-15
5.600000e+01 7.248122e-15
5.700000e+01 7.330435e-15
5.800000e+01 7.410949e-15
5.900000e+01 7.489668e-15
6.000000e+01 7.566598e-15
6.100000e+01 7.641741e-15
6.200000e+01 7.715105e-15
6.300000e+01 7.786691e-15
6.400000e+01 7.856500e-15
6.500000e+01 7.924546e-15
6.600000e+01 7.990833e-15
6.700000e+01 8.055367e-15
6.800000e+01 8.118163e-15
6.900000e+01 8.179227e-15
7.000000e+01 8.238569e-15
7.100000e+01 8.296190e-15
7.200000e+01 8.352098e-15
7.300000e+01 8.406322e-15
7.400000e+01 8.458868e-15
7.500000e+01 8.509737e-15
7.600000e+01 8.558947e-15
7.700000e+01 8.606521e-15
7.800000e+01 8.652458e-15
7.900000e+01 8.696773e-15
8.000000e+01 8.739485e-15
8.100000e+01 8.780607e-15
8.200000e+01 8.820152e-15
8.300000e+01 8.858132e-15
8.400000e+01 8.894564e-15
8.500000e+01 8.929465e-15
8.600000e+01 8.962848e-15
8.700000e+01 8.994726e-15
8.800000e+01 9.025116e-15
8.900000e+01 9.054037e-15
9.000000e+01 9.081511e-15
9.100000e+01 9.107544e-15
9.200000e+01 9.132142e-15
9.300000e+01 9.155330e-15
9.400000e+01 9.177140e-15
9.500000e+01 9.197574e-15
9.600000e+01 9.216647e-15
9.700000e+01 9.234381e-15
9.800000e+01 9.250785e-15
9.900000e+01 9.265877e-15
1.000000e+02 9.279686e-15
