2.000000e+00 2.433434e-16
3.000000e+00 3.366316e-16
4.000000e+00 4.288762e-16
5.000000e+00 5.202637e-16
6.000000e+00 6.108990e-16
7.000000e+00 7.008430e-16
8.000000e+00 7.901340e-16
9.000000e+00 8.787932e-16
1.000000e+01 9.668317e-16
1.100000e+01 1.054253e-15
1.200000e+01 1.141046e-15
1.300000e+01 1.227210e-15
1.400000e+01 1.312735e-15
1.500000e+01 1.397617e-15
1.600000e+01 1.481844e-15
1.700000e+01 1.565394e-15
1.800000e+01 1.648261e-15
1.900000e+01 1.730429e-15
2.000000e+01 1.811876e-15
2.100000e+01 1.892589e-15
2.200000e+01 1.972558e-15
2.300000e+01 2.051760e-15
2.400000e+01 2.130180e-15
2.500000e+01 2.207805e-15
2.600000e+01 2.284616e-15
2.700000e+01 2.360603e-15
2.800000e+01 2.435747e-15
2.900000e+01 2.510033e-15
3.000000e+01 2.583447e-15
3.100000e+01 2.655980e-15
3.200000e+01 2.727614e-15
3.300000e+01 2.798341e-15
3.400000e+01 2.868144e-15
3.500000e+01 2.937013e-15
3.600000e+01 3.004939e-15
3.700000e+01 3.071910e-15
3.800000e+01 3.137918e-15
3.900000e+01 3.202952e-15
4.000000e+01 3.267004e-15
4.100000e+01 3.330065e-15
4.200000e+01 3.392130e-15
4.300000e+01 3.453194e-15
4.400000e+01 3.513244e-15
4.500000e+01 3.572280e-15
4.600000e+01 3.630299e-15
4.700000e+01 3.687289e-15
4.800000e+01 3.743252e-15
4.900000e+01 3.798185e-15
5.000000e+01 3.852085e-15
5.100000e+01 3.904949e-15
5.200000e+01 3.956778e-15
5.300000e+01 4.007568e-15
5.400000e+01 4.057322e-15
5.500000e+01 4.106038e-15
5.600000e+01 4.153711e-15
5.700000e+01 4.200356e-15
5.800000e+01 4.245964e-15
5.900000e+01 4.290540e-15
6.000000e+01 4.334087e-15
6.100000e+01 4.376608e-15
6.200000e+01 4.418110e-15
6.300000e+01 4.458592e-15
6.400000e+01 4.498056e-15
6.500000e+01 4.536513e-15
6.600000e+01 4.573964e-15
6.700000e+01 4.610416e-15
6.800000e+01 4.645877e-15
6.900000e+01 4.680352e-15
7.000000e+01 4.713847e-15
7.100000e+01 4.746361e-15
7.200000e+01 4.777906e-15
7.300000e+01 4.808496e-15
7.400000e+01 4.838133e-15
7.500000e+01 4.866820e-15
7.600000e+01 4.894571e-15
7.700000e+01 4.921396e-15
7.800000e+01 4.947296e-15
7.900000e+01 4.972282e-15
8.000000e+01 4.996364e-15
8.100000e+01 5.019550e-15
8.200000e+01 5.041849e-15
8.300000e+01 5.063267e-15
8.400000e+01 5.083816e-15
8.500000e+01 5.103505e-15
8.600000e+01 5.122342e-15
8.700000e+01 5.140335e-15
8.800000e+01 5.157494e-15
8.900000e+01 5.173832e-15
9.000000e+01 5.189359e-15
9.100000e+01 5.204077e-15
9.200000e+01 5.217994e-15
9.300000e+01 5.231125e-15
9.400000e+01 5.243487e-15
9.500000e+01 5.255078e-15
9.600000e+01 5.265910e-15
9.700000e+01 5.275995e-15
9.800000e+01 5.285338e-15
9.900000e+01 5.293951e-15
1.000000e+02 5.301850e-15
