2.000000e+00 6.322493e-21
3.000000e+00 8.746155e-21
4.000000e+00 1.114258e-20
5.000000e+00 1.351659e-20
6.000000e+00 1.587086e-20
7.000000e+00 1.820695e-20
8.000000e+00 2.052582e-20
9.000000e+00 2.282800e-20
1.000000e+01 2.511374e-20
1.100000e+01 2.738311e-20
1.200000e+01 2.963577e-20
1.300000e+01 3.187173e-20
1.400000e+01 3.409068e-20
1.500000e+01 3.629249e-20
1.600000e+01 3.847682e-20
1.700000e+01 4.064310e-20
1.800000e+01 4.279116e-20
1.900000e+01 4.492053e-20
2.000000e+01 4.703064e-20
2.100000e+01 4.912116e-20
2.200000e+01 5.119183e-20
2.300000e+01 5.324198e-20
2.400000e+01 5.527131e-20
2.500000e+01 5.727937e-20
2.600000e+01 5.926576e-20
2.700000e+01 6.123015e-20
2.800000e+01 6.317207e-20
2.900000e+01 6.509112e-20
3.000000e+01 6.698698e-20
3.100000e+01 6.885939e-20
3.200000e+01 7.070788e-20
3.300000e+01 7.253226e-20
3.400000e+01 7.433211e-20
3.500000e+01 7.610717e-20
3.600000e+01 7.785724e-20
3.700000e+01 7.958203e-20
3.800000e+01 8.128130e-20
3.900000e+01 8.295480e-20
4.000000e+01 8.460238e-20
4.100000e+01 8.622378e-20
4.200000e+01 8.781895e-20
4.300000e+01 8.938770e-20
4.400000e+01 9.092977e-20
4.500000e+01 9.244521e-20
4.600000e+01 9.393388e-20
4.700000e+01 9.539555e-20
4.800000e+01 9.683032e-20
4.900000e+01 9.823814e-20
5.000000e+01 9.961890e-20
5.100000e+01 1.009726e-19
5.200000e+01 1.022993e-19
5.300000e+01 1.035989e-19
5.400000e+01 1.048715e-19
5.500000e+01 1.061170e-19
5.600000e+01 1.073356e-19
5.700000e+01 1.085274e-19
5.800000e+01 1.096923e-19
5.900000e+01 1.108305e-19
6.000000e+01 1.119420e-19
6.100000e+01 1.130270e-19
6.200000e+01 1.140858e-19
6.300000e+01 1.151181e-19
6.400000e+01 1.161243e-19
6.500000e+01 1.171046e-19
6.600000e+01 1.180590e-19
6.700000e+01 1.189878e-19
6.800000e+01 1.198911e-19
6.900000e+01 1.207691e-19
7.000000e+01 1.216220e-19
7.100000e+01 1.224499e-19
7.200000e+01 1.232530e-19
7.300000e+01 1.240317e-19
7.400000e+01 1.247861e-19
7.500000e+01 1.255163e-19
7.600000e+01 1.262227e-19
7.700000e+01 1.269055e-19
7.800000e+01 1.275647e-19
7.900000e+01 1.282008e-19
8.000000e+01 1.288139e-19
8.100000e+01 1.294043e-19
8.200000e+01 1.299722e-19
8.300000e+01 1.305178e-19
8.400000e+01 1.310415e-19
8.500000e+01 1.315433e-19
8.600000e+01 1.320237e-19
8.700000e+01 1.324826e-19
8.800000e+01 1.329206e-19
8.900000e+01 1.333379e-19
9.000000e+01 1.337346e-19
9.100000e+01 1.341110e-19
9.200000e+01 1.344671e-19
9.300000e+01 1.348036e-19
9.400000e+01 1.351206e-19
9.500000e+01 1.354182e-19
9.600000e+01 1.356968e-19
9.700000e+01 1.359565e-19
9.800000e+01 1.361975e-19
9.900000e+01 1.364203e-19
1.000000e+02 1.366251e-19
