2.000000e+00 8.155228e-14 3.053827e-13 3.423429e-13 2.565315e-13 1.801021e-13 1.271346e-13 9.127154e-14 6.661197e-14
3.000000e+00 5.940415e-14 2.198886e-13 2.451236e-13 1.831724e-13 1.283859e-13 9.052871e-14 6.494166e-14 4.736911e-14
4.000000e+00 4.761446e-14 1.738633e-13 1.924785e-13 1.433295e-13 1.002471e-13 7.058751e-14 5.058622e-14 3.687107e-14
5.000000e+00 4.044262e-14 1.455473e-13 1.598701e-13 1.185628e-13 8.271762e-14 5.814677e-14 4.162108e-14 3.031002e-14
6.000000e+00 3.569425e-14 1.266395e-13 1.379446e-13 1.018435e-13 7.085370e-14 4.971214e-14 3.553519e-14 2.585192e-14
7.000000e+00 3.234798e-14 1.132829e-13 1.223576e-13 8.990794e-14 6.236089e-14 4.366254e-14 3.116409e-14 2.264662e-14
8.000000e+00 2.986407e-14 1.034434e-13 1.108214e-13 8.103916e-14 5.603229e-14 3.914534e-14 2.789529e-14 2.024689e-14
9.000000e+00 2.792959e-14 9.594414e-14 1.020168e-13 7.424795e-14 5.117310e-14 3.566979e-14 2.537629e-14 1.839537e-14
1.000000e+01 2.635203e-14 9.005841e-14 9.512667e-14 6.892110e-14 4.735222e-14 3.293132e-14 2.338834e-14 1.693234e-14
1.100000e+01 2.500608e-14 8.530834e-14 8.961897e-14 6.466138e-14 4.429131e-14 3.073363e-14 2.179052e-14 1.575497e-14
1.200000e+01 2.380998e-14 8.137147e-14 8.512768e-14 6.119346e-14 4.179696e-14 2.894033e-14 2.048516e-14 1.479217e-14
1.300000e+01 2.270742e-14 7.802471e-14 8.140498e-14 5.833197e-14 3.973854e-14 2.745865e-14 1.940520e-14 1.399469e-14
1.400000e+01 2.166066e-14 7.510282e-14 7.826487e-14 5.593945e-14 3.802079e-14 2.622202e-14 1.850314e-14 1.332794e-14
1.500000e+01 2.064412e-14 7.248714e-14 7.557098e-14 5.391277e-14 3.657103e-14 2.517906e-14 1.774212e-14 1.276508e-14
1.600000e+01 1.964188e-14 7.008676e-14 7.321877e-14 5.217477e-14 3.533568e-14 2.429219e-14 1.709525e-14 1.228653e-14
1.700000e+01 1.864426e-14 6.783582e-14 7.112921e-14 5.066471e-14 3.427169e-14 2.353099e-14 1.654077e-14 1.187647e-14
1.800000e+01 1.764703e-14 6.568282e-14 6.923896e-14 4.933589e-14 3.334686e-14 2.287292e-14 1.606254e-14 1.152313e-14
1.900000e+01 1.664942e-14 6.359126e-14 6.749977e-14 4.815039e-14 3.253408e-14 2.229878e-14 1.564678e-14 1.121649e-14
2.000000e+01 1.565360e-14 6.153246e-14 6.587309e-14 4.707917e-14 3.181307e-14 2.179424e-14 1.528320e-14 1.094902e-14
2.100000e+01 1.466357e-14 5.948724e-14 6.432724e-14 4.609694e-14 3.116608e-14 2.134697e-14 1.496308e-14 1.071444e-14
2.200000e+01 1.368478e-14 5.744140e-14 6.283866e-14 4.518477e-14 3.057923e-14 2.094688e-14 1.467903e-14 1.050729e-14
2.300000e+01 1.272345e-14 5.538649e-14 6.138699e-14 4.432594e-14 3.004091e-14 2.058598e-14 1.442546e-14 1.032354e-14
2.400000e+01 1.178615e-14 5.331783e-14 5.995723e-14 4.350729e-14 2.954127e-14 2.025709e-14 1.419712e-14 1.015937e-14
2.500000e+01 1.087951e-14 5.123404e-14 5.853714e-14 4.271782e-14 2.907233e-14 1.995458e-14 1.398998e-14 1.001181e-14
2.600000e+01 1.000982e-14 4.913648e-14 5.711745e-14 4.194840e-14 2.862718e-14 1.967343e-14 1.380042e-14 9.878244e-15
2.700000e+01 9.182840e-15 4.702862e-14 5.569132e-14 4.119166e-14 2.820011e-14 1.940949e-14 1.362542e-14 9.756443e-15
2.800000e+01 8.403580e-15 4.491539e-14 5.425384e-14 4.044154e-14 2.778633e-14 1.915923e-14 1.346240e-14 9.644516e-15
2.900000e+01 7.676195e-15 4.280321e-14 5.280145e-14 3.969305e-14 2.738175e-14 1.891960e-14 1.330914e-14 9.540830e-15
3.000000e+01 7.003844e-15 4.069956e-14 5.133254e-14 3.894205e-14 2.698277e-14 1.868790e-14 1.316366e-14 9.443938e-15
3.100000e+01 6.388644e-15 3.861212e-14 4.984676e-14 3.818594e-14 2.658673e-14 1.846194e-14 1.302424e-14 9.352542e-15
3.200000e+01 5.831680e-15 3.654917e-14 4.834405e-14 3.742212e-14 2.619135e-14 1.824000e-14 1.288965e-14 9.265711e-15
3.300000e+01 5.333008e-15 3.451914e-14 4.682579e-14 3.664871e-14 2.579437e-14 1.802024e-14 1.275849e-14 9.182435e-15
3.400000e+01 4.891682e-15 3.253030e-14 4.529408e-14 3.586472e-14 2.539430e-14 1.780129e-14 1.262965e-14 9.101837e-15
3.500000e+01 4.505885e-15 3.059067e-14 4.375138e-14 3.506950e-14 2.498990e-14 1.758205e-14 1.250226e-14 9.023245e-15
3.600000e+01 4.172949e-15 2.870788e-14 4.220074e-14 3.426265e-14 2.458011e-14 1.736151e-14 1.237551e-14 8.946050e-15
3.700000e+01 3.889559e-15 2.688894e-14 4.064568e-14 3.344440e-14 2.416415e-14 1.713878e-14 1.224865e-14 8.869660e-15
3.800000e+01 3.651798e-15 2.514033e-14 3.908969e-14 3.261505e-14 2.374155e-14 1.691329e-14 1.212113e-14 8.793608e-15
3.900000e+01 3.455334e-15 2.346770e-14 3.753700e-14 3.177528e-14 2.331177e-14 1.668435e-14 1.199240e-14 8.717484e-15
4.000000e+01 3.295546e-15 2.187592e-14 3.599153e-14 3.092616e-14 2.287485e-14 1.645161e-14 1.186201e-14 8.640870e-15
4.100000e+01 3.167622e-15 2.036898e-14 3.445749e-14 3.006871e-14 2.243065e-14 1.621475e-14 1.172968e-14 8.563528e-15
4.200000e+01 3.066709e-15 1.895000e-14 3.293905e-14 2.920431e-14 2.197932e-14 1.597349e-14 1.159504e-14 8.485139e-15
4.300000e+01 2.988122e-15 1.762121e-14 3.144018e-14 2.833436e-14 2.152112e-14 1.572774e-14 1.145790e-14 8.405493e-15
4.400000e+01 2.927168e-15 1.638396e-14 2.996493e-14 2.746031e-14 2.105630e-14 1.547739e-14 1.131807e-14 8.324411e-15
4.500000e+01 2.879712e-15 1.523870e-14 2.851729e-14 2.658387e-14 2.058526e-14 1.522235e-14 1.117536e-14 8.241689e-15
4.600000e+01 2.841802e-15 1.418501e-14 2.710086e-14 2.570684e-14 2.010863e-14 1.496275e-14 1.102967e-14 8.157194e-15
4.700000e+01 2.809830e-15 1.322170e-14 2.571910e-14 2.483084e-14 1.962694e-14 1.469874e-14 1.088103e-14 8.070872e-15
4.800000e+01 2.780977e-15 1.234683e-14 2.437527e-14 2.395771e-14 1.914078e-14 1.443037e-14 1.072933e-14 7.982622e-15
4.900000e+01 2.752505e-15 1.155776e-14 2.307228e-14 2.308920e-14 1.865092e-14 1.415792e-14 1.057462e-14 7.892368e-15
5.000000e+01 2.722444e-15 1.085123e-14 2.181286e-14 2.222704e-14 1.815798e-14 1.388158e-14 1.041694e-14 7.800112e-15
5.100000e+01 2.689299e-15 1.022340e-14 2.059935e-14 2.137303e-14 1.766276e-14 1.360160e-14 1.025631e-14 7.705794e-15
5.200000e+01 2.651980e-15 9.669995e-15 1.943380e-14 2.052883e-14 1.716607e-14 1.331832e-14 1.009285e-14 7.609435e-15
5.300000e+01 2.609839e-15 9.186292e-15 1.831794e-14 1.969609e-14 1.666863e-14 1.303202e-14 9.926651e-15 7.511055e-15
5.400000e+01 2.562523e-15 8.767317e-15 1.725316e-14 1.887641e-14 1.617131e-14 1.274305e-14 9.757818e-15 7.410653e-15
5.500000e+01 2.510377e-15 8.407833e-15 1.624057e-14 1.807130e-14 1.567487e-14 1.245177e-14 9.586525e-15 7.308295e-15
5.600000e+01 2.453731e-15 8.102454e-15 1.528090e-14 1.728226e-14 1.518018e-14 1.215855e-14 9.412892e-15 7.204022e-15
5.700000e+01 2.393031e-15 7.845706e-15 1.437458e-14 1.651056e-14 1.468803e-14 1.186384e-14 9.237134e-15 7.097908e-15
5.800000e+01 2.329228e-15 7.632144e-15 1.352174e-14 1.575748e-14 1.419919e-14 1.156795e-14 9.059414e-15 6.990047e-15
5.900000e+01 2.263493e-15 7.456359e-15 1.272218e-14 1.502422e-14 1.371445e-14 1.127132e-14 8.879896e-15 6.880481e-15
6.000000e+01 2.196504e-15 7.313032e-15 1.197543e-14 1.431179e-14 1.323460e-14 1.097437e-14 8.698804e-15 6.769320e-15
6.100000e+01 2.129342e-15 7.197091e-15 1.128074e-14 1.362112e-14 1.276034e-14 1.067750e-14 8.516349e-15 6.656670e-15
6.200000e+01 2.062972e-15 7.103792e-15 1.063712e-14 1.295307e-14 1.229235e-14 1.038108e-14 8.332723e-15 6.542629e-15
6.300000e+01 1.998348e-15 7.028429e-15 1.004332e-14 1.230839e-14 1.183138e-14 1.008554e-14 8.148121e-15 6.427278e-15
6.400000e+01 1.936133e-15 6.966829e-15 9.497882e-15 1.168765e-14 1.137806e-14 9.791327e-15 7.962816e-15 6.310764e-15
6.500000e+01 1.877070e-15 6.915123e-15 8.999176e-15 1.109135e-14 1.093298e-14 9.498784e-15 7.777013e-15 6.193214e-15
6.600000e+01 1.821696e-15 6.869807e-15 8.545357e-15 1.051989e-14 1.049672e-14 9.208296e-15 7.590907e-15 6.074722e-15
6.700000e+01 1.770308e-15 6.827637e-15 8.134443e-15 9.973536e-15 1.006983e-14 8.920263e-15 7.404742e-15 5.955416e-15
6.800000e+01 1.723135e-15 6.785987e-15 7.764317e-15 9.452456e-15 9.652792e-15 8.635030e-15 7.218733e-15 5.835434e-15
6.900000e+01 1.680216e-15 6.742506e-15 7.432755e-15 8.956705e-15 9.246068e-15 8.352961e-15 7.033095e-15 5.714886e-15
7.000000e+01 1.641471e-15 6.695258e-15 7.137453e-15 8.486244e-15 8.850054e-15 8.074386e-15 6.848051e-15 5.593913e-15
7.100000e+01 1.606690e-15 6.642598e-15 6.876037e-15 8.040940e-15 8.465137e-15 7.799627e-15 6.663797e-15 5.472630e-15
7.200000e+01 1.575559e-15 6.583417e-15 6.646103e-15 7.620562e-15 8.091647e-15 7.529013e-15 6.480560e-15 5.351171e-15
7.300000e+01 1.547679e-15 6.516871e-15 6.445199e-15 7.224783e-15 7.729862e-15 7.262834e-15 6.298549e-15 5.229673e-15
7.400000e+01 1.522595e-15 6.442430e-15 6.270875e-15 6.853190e-15 7.380006e-15 7.001359e-15 6.117958e-15 5.108261e-15
7.500000e+01 1.499814e-15 6.359898e-15 6.120713e-15 6.505304e-15 7.042272e-15 6.744829e-15 5.938963e-15 4.987052e-15
7.600000e+01 1.478826e-15 6.269319e-15 5.992319e-15 6.180569e-15 6.716827e-15 6.493497e-15 5.761750e-15 4.866159e-15
7.700000e+01 1.459130e-15 6.170996e-15 5.883356e-15 5.878362e-15 6.403783e-15 6.247598e-15 5.586513e-15 4.745714e-15
7.800000e+01 1.440252e-15 6.065431e-15 5.791536e-15 5.597999e-15 6.103204e-15 6.007330e-15 5.413427e-15 4.625845e-15
7.900000e+01 1.421756e-15 5.953303e-15 5.714661e-15 5.338737e-15 5.815118e-15 5.772873e-15 5.242648e-15 4.506664e-15
8.000000e+01 1.403261e-15 5.835432e-15 5.650628e-15 5.099790e-15 5.539517e-15 5.544393e-15 5.074331e-15 4.388278e-15
8.100000e+01 1.384451e-15 5.712736e-15 5.597429e-15 4.880334e-15 5.276356e-15 5.322040e-15 4.908626e-15 4.270799e-15
8.200000e+01 1.365082e-15 5.586215e-15 5.553164e-15 4.679500e-15 5.025552e-15 5.105944e-15 4.745677e-15 4.154339e-15
8.300000e+01 1.344979e-15 5.456929e-15 5.516056e-15 4.496396e-15 4.786984e-15 4.896206e-15 4.585609e-15 4.039001e-15
8.400000e+01 1.324043e-15 5.325934e-15 5.484448e-15 4.330106e-15 4.560507e-15 4.692918e-15 4.428541e-15 3.924876e-15
8.500000e+01 1.302244e-15 5.194283e-15 5.456817e-15 4.179696e-15 4.345941e-15 4.496156e-15 4.274589e-15 3.812063e-15
8.600000e+01 1.279614e-15 5.063004e-15 5.431772e-15 4.044215e-15 4.143073e-15 4.305969e-15 4.123857e-15 3.700655e-15
8.700000e+01 1.256242e-15 4.933078e-15 5.408046e-15 3.922719e-15 3.951667e-15 4.122392e-15 3.976435e-15 3.590735e-15
8.800000e+01 1.232261e-15 4.805409e-15 5.384518e-15 3.814253e-15 3.771470e-15 3.945447e-15 3.832409e-15 3.482383e-15
8.900000e+01 1.207843e-15 4.680817e-15 5.360200e-15 3.717861e-15 3.602192e-15 3.775137e-15 3.691860e-15 3.375683e-15
9.000000e+01 1.183180e-15 4.560033e-15 5.334233e-15 3.632615e-15 3.443529e-15 3.611445e-15 3.554849e-15 3.270704e-15
9.100000e+01 1.158481e-15 4.443682e-15 5.305886e-15 3.557588e-15 3.295160e-15 3.454347e-15 3.421440e-15 3.167514e-15
9.200000e+01 1.133962e-15 4.332281e-15 5.274557e-15 3.491874e-15 3.156741e-15 3.303792e-15 3.291683e-15 3.066186e-15
9.300000e+01 1.109820e-15 4.226233e-15 5.239761e-15 3.434589e-15 3.027921e-15 3.159721e-15 3.165605e-15 2.966764e-15
9.400000e+01 1.086251e-15 4.125825e-15 5.201130e-15 3.384877e-15 2.908333e-15 3.022064e-15 3.043249e-15 2.869308e-15
9.500000e+01 1.063420e-15 4.031246e-15 5.158396e-15 3.341907e-15 2.797598e-15 2.890734e-15 2.924632e-15 2.773868e-15
9.600000e+01 1.041463e-15 3.942568e-15 5.111399e-15 3.304881e-15 2.695330e-15 2.765635e-15 2.809772e-15 2.680488e-15
9.700000e+01 1.020490e-15 3.859772e-15 5.060070e-15 3.273036e-15 2.601135e-15 2.646656e-15 2.698675e-15 2.589208e-15
9.800000e+01 1.000569e-15 3.782729e-15 5.004425e-15 3.245648e-15 2.514617e-15 2.533675e-15 2.591335e-15 2.500059e-15
9.900000e+01 9.817391e-16 3.711262e-15 4.944565e-15 3.222028e-15 2.435374e-15 2.426565e-15 2.487744e-15 2.413071e-15
1.000000e+02 9.640022e-16 3.645082e-15 4.880645e-15 3.201529e-15 2.363008e-15 2.325189e-15 2.387890e-15 2.328273e-15
