2.000000e+00 1.345725e-14
3.000000e+00 1.860606e-14
4.000000e+00 2.368737e-14
5.000000e+00 2.870896e-14
6.000000e+00 3.367417e-14
7.000000e+00 3.858425e-14
8.000000e+00 4.343914e-14
9.000000e+00 4.823812e-14
1.000000e+01 5.298002e-14
1.100000e+01 5.766299e-14
1.200000e+01 6.228609e-14
1.300000e+01 6.684771e-14
1.400000e+01 7.134698e-14
1.500000e+01 7.578201e-14
1.600000e+01 8.015217e-14
1.700000e+01 8.445622e-14
1.800000e+01 8.869304e-14
1.900000e+01 9.286231e-14
2.000000e+01 9.696353e-14
2.100000e+01 1.009959e-13
2.200000e+01 1.049596e-13
2.300000e+01 1.088542e-13
2.400000e+01 1.126802e-13
2.500000e+01 1.164374e-13
2.600000e+01 1.201262e-13
2.700000e+01 1.237472e-13
2.800000e+01 1.273006e-13
2.900000e+01 1.307874e-13
3.000000e+01 1.342078e-13
3.100000e+01 1.375627e-13
3.200000e+01 1.408530e-13
3.300000e+01 1.440794e-13
3.400000e+01 1.472427e-13
3.500000e+01 1.503436e-13
3.600000e+01 1.533832e-13
3.700000e+01 1.563622e-13
3.800000e+01 1.592816e-13
3.900000e+01 1.621420e-13
4.000000e+01 1.649445e-13
4.100000e+01 1.676899e-13
4.200000e+01 1.703787e-13
4.300000e+01 1.730120e-13
4.400000e+01 1.755906e-13
4.500000e+01 1.781151e-13
4.600000e+01 1.805863e-13
4.700000e+01 1.830048e-13
4.800000e+01 1.853716e-13
4.900000e+01 1.876869e-13
5.000000e+01 1.899518e-13
5.100000e+01 1.921668e-13
5.200000e+01 1.943324e-13
5.300000e+01 1.964494e-13
5.400000e+01 1.985183e-13
5.500000e+01 2.005398e-13
5.600000e+01 2.025144e-13
5.700000e+01 2.044427e-13
5.800000e+01 2.063252e-13
5.900000e+01 2.081627e-13
6.000000e+01 2.099556e-13
6.100000e+01 2.117044e-13
6.200000e+01 2.134098e-13
6.300000e+01 2.150721e-13
6.400000e+01 2.166919e-13
6.500000e+01 2.182701e-13
6.600000e+01 2.198068e-13
6.700000e+01 2.213026e-13
6.800000e+01 2.227581e-13
6.900000e+01 2.241737e-13
7.000000e+01 2.255500e-13
7.100000e+01 2.268875e-13
7.200000e+01 2.281865e-13
7.300000e+01 2.294477e-13
7.400000e+01 2.306715e-13
7.500000e+01 2.318582e-13
7.600000e+01 2.330085e-13
7.700000e+01 2.341227e-13
7.800000e+01 2.352013e-13
7.900000e+01 2.362448e-13
8.000000e+01 2.372537e-13
8.100000e+01 2.382280e-13
8.200000e+01 2.391685e-13
8.300000e+01 2.400757e-13
8.400000e+01 2.409498e-13
8.500000e+01 2.417913e-13
8.600000e+01 2.426006e-13
8.700000e+01 2.433780e-13
8.800000e+01 2.441240e-13
8.900000e+01 2.448392e-13
9.000000e+01 2.455237e-13
9.100000e+01 2.461777e-13
9.200000e+01 2.468021e-13
9.300000e+01 2.473969e-13
9.400000e+01 2.479628e-13
9.500000e+01 2.485000e-13
9.600000e+01 2.490087e-13
9.700000e+01 2.494895e-13
9.800000e+01 2.499428e-13
9.900000e+01 2.503688e-13
1.000000e+02 2.507680e-13
