2.000000e+00 6.680423e-16
3.000000e+00 9.239362e-16
4.000000e+00 1.176768e-15
5.000000e+00 1.426994e-15
6.000000e+00 1.674851e-15
7.000000e+00 1.920460e-15
8.000000e+00 2.163877e-15
9.000000e+00 2.405116e-15
1.000000e+01 2.644164e-15
1.100000e+01 2.880984e-15
1.200000e+01 3.115516e-15
1.300000e+01 3.347734e-15
1.400000e+01 3.577576e-15
1.500000e+01 3.805009e-15
1.600000e+01 4.029944e-15
1.700000e+01 4.252345e-15
1.800000e+01 4.472154e-15
1.900000e+01 4.689296e-15
2.000000e+01 4.903731e-15
2.100000e+01 5.115425e-15
2.200000e+01 5.324304e-15
2.300000e+01 5.530342e-15
2.400000e+01 5.733488e-15
2.500000e+01 5.933717e-15
2.600000e+01 6.130992e-15
2.700000e+01 6.325285e-15
2.800000e+01 6.516561e-15
2.900000e+01 6.704820e-15
3.000000e+01 6.890029e-15
3.100000e+01 7.072192e-15
3.200000e+01 7.251286e-15
3.300000e+01 7.427304e-15
3.400000e+01 7.600254e-15
3.500000e+01 7.770137e-15
3.600000e+01 7.936953e-15
3.700000e+01 8.100709e-15
3.800000e+01 8.261415e-15
3.900000e+01 8.419083e-15
4.000000e+01 8.573740e-15
4.100000e+01 8.725397e-15
4.200000e+01 8.874064e-15
4.300000e+01 9.019781e-15
4.400000e+01 9.162560e-15
4.500000e+01 9.302418e-15
4.600000e+01 9.439402e-15
4.700000e+01 9.573531e-15
4.800000e+01 9.704830e-15
4.900000e+01 9.833334e-15
5.000000e+01 9.959071e-15
5.100000e+01 1.008207e-14
5.200000e+01 1.020237e-14
5.300000e+01 1.031999e-14
5.400000e+01 1.043497e-14
5.500000e+01 1.054735e-14
5.600000e+01 1.065715e-14
5.700000e+01 1.076440e-14
5.800000e+01 1.086914e-14
5.900000e+01 1.097141e-14
6.000000e+01 1.107122e-14
6.100000e+01 1.116861e-14
6.200000e+01 1.126362e-14
6.300000e+01 1.135626e-14
6.400000e+01 1.144659e-14
6.500000e+01 1.153461e-14
6.600000e+01 1.162038e-14
6.700000e+01 1.170389e-14
6.800000e+01 1.178518e-14
6.900000e+01 1.186429e-14
7.000000e+01 1.194126e-14
7.100000e+01 1.201608e-14
7.200000e+01 1.208879e-14
7.300000e+01 1.215943e-14
7.400000e+01 1.222800e-14
7.500000e+01 1.229454e-14
7.600000e+01 1.235907e-14
7.700000e+01 1.242161e-14
7.800000e+01 1.248220e-14
7.900000e+01 1.254084e-14
8.000000e+01 1.259756e-14
8.100000e+01 1.265238e-14
8.200000e+01 1.270533e-14
8.300000e+01 1.275643e-14
8.400000e+01 1.280569e-14
8.500000e+01 1.285315e-14
8.600000e+01 1.289882e-14
8.700000e+01 1.294270e-14
8.800000e+01 1.298484e-14
8.900000e+01 1.302526e-14
9.000000e+01 1.306396e-14
9.100000e+01 1.310097e-14
9.200000e+01 1.313632e-14
9.300000e+01 1.317000e-14
9.400000e+01 1.320206e-14
9.500000e+01 1.323252e-14
9.600000e+01 1.326138e-14
9.700000e+01 1.328866e-14
9.800000e+01 1.331438e-14
9.900000e+01 1.333858e-14
1.000000e+02 1.336125e-14
