2.000000e+00 -9.731510e-13 -3.405387e-12 -3.610663e-12 -2.576152e-12 -1.724514e-12 -1.161038e-12 -7.948753e-13 -5.530017e-13
3.000000e+00 -7.165318e-13 -2.470751e-12 -2.600339e-12 -1.848502e-12 -1.234751e-12 -8.301569e-13 -5.678195e-13 -3.947857e-13
4.000000e+00 -5.815106e-13 -1.971924e-12 -2.057311e-12 -1.456087e-12 -9.701043e-13 -6.511410e-13 -4.448820e-13 -3.090851e-13
5.000000e+00 -5.003104e-13 -1.668188e-12 -1.723497e-12 -1.213549e-12 -8.059689e-13 -5.398456e-13 -3.683101e-13 -2.556248e-13
6.000000e+00 -4.469740e-13 -1.467443e-12 -1.501067e-12 -1.051144e-12 -6.957270e-13 -4.649485e-13 -3.167173e-13 -2.195781e-13
7.000000e+00 -4.095082e-13 -1.327549e-12 -1.345052e-12 -9.366174e-13 -6.176920e-13 -4.117892e-13 -2.800267e-13 -1.939063e-13
8.000000e+00 -3.814135e-13 -1.225139e-12 -1.230637e-12 -8.523654e-13 -5.601515e-13 -3.725341e-13 -2.529111e-13 -1.749284e-13
9.000000e+00 -3.590447e-13 -1.147713e-12 -1.144411e-12 -7.886051e-13 -5.164279e-13 -3.426066e-13 -2.321844e-13 -1.603913e-13
1.000000e+01 -3.401399e-13 -1.086827e-12 -1.077475e-12 -7.391563e-13 -4.824968e-13 -3.193629e-13 -2.160775e-13 -1.490917e-13
1.100000e+01 -3.232268e-13 -1.037366e-12 -1.024527e-12 -7.001619e-13 -4.556912e-13 -3.009555e-13 -2.032923e-13 -1.401045e-13
1.200000e+01 -3.074200e-13 -9.957811e-13 -9.814987e-13 -6.686850e-13 -4.340835e-13 -2.861190e-13 -1.929884e-13 -1.328646e-13
1.300000e+01 -2.920977e-13 -9.594911e-13 -9.459648e-13 -6.431193e-13 -4.166042e-13 -2.741169e-13 -1.846397e-13 -1.269849e-13
1.400000e+01 -2.768731e-13 -9.267082e-13 -9.158301e-13 -6.218741e-13 -4.021832e-13 -2.642440e-13 -1.777846e-13 -1.221658e-13
1.500000e+01 -2.615664e-13 -8.961433e-13 -8.895383e-13 -6.038834e-13 -3.901317e-13 -2.560445e-13 -1.721084e-13 -1.181814e-13
1.600000e+01 -2.460876e-13 -8.668113e-13 -8.662192e-13 -5.885126e-13 -3.799791e-13 -2.491713e-13 -1.673587e-13 -1.148491e-13
1.700000e+01 -2.304109e-13 -8.381920e-13 -8.448783e-13 -5.749836e-13 -3.712481e-13 -2.433432e-13 -1.633675e-13 -1.120670e-13
1.800000e+01 -2.146069e-13 -8.095944e-13 -8.250103e-13 -5.630482e-13 -3.637517e-13 -2.383974e-13 -1.599957e-13 -1.097199e-13
1.900000e+01 -1.987722e-13 -7.808061e-13 -8.059507e-13 -5.520970e-13 -3.570930e-13 -2.341039e-13 -1.571167e-13 -1.077411e-13
2.000000e+01 -1.830441e-13 -7.515695e-13 -7.874139e-13 -5.419664e-13 -3.511432e-13 -2.303442e-13 -1.546236e-13 -1.060380e-13
2.100000e+01 -1.675661e-13 -7.218229e-13 -7.690530e-13 -5.323489e-13 -3.457061e-13 -2.270057e-13 -1.524547e-13 -1.045784e-13
2.200000e+01 -1.524893e-13 -6.915070e-13 -7.507293e-13 -5.231149e-13 -3.406647e-13 -2.239916e-13 -1.505340e-13 -1.033037e-13
2.300000e+01 -1.379659e-13 -6.606230e-13 -7.321766e-13 -5.140918e-13 -3.359366e-13 -2.212613e-13 -1.488400e-13 -1.022018e-13
2.400000e+01 -1.241379e-13 -6.292789e-13 -7.133253e-13 -5.051121e-13 -3.313668e-13 -2.187028e-13 -1.472964e-13 -1.012220e-13
2.500000e+01 -1.111329e-13 -5.975406e-13 -6.940750e-13 -4.961457e-13 -3.269429e-13 -2.162980e-13 -1.458815e-13 -1.003418e-13
2.600000e+01 -9.905553e-14 -5.656051e-13 -6.743695e-13 -4.870366e-13 -3.225553e-13 -2.139882e-13 -1.445678e-13 -9.955085e-14
2.700000e+01 -8.799298e-14 -5.335561e-13 -6.542398e-13 -4.778185e-13 -3.181868e-13 -2.117328e-13 -1.433116e-13 -9.881046e-14
2.800000e+01 -7.800616e-14 -5.016265e-13 -6.335833e-13 -4.683603e-13 -3.137918e-13 -2.095301e-13 -1.421248e-13 -9.813351e-14
2.900000e+01 -6.912916e-14 -4.699407e-13 -6.125320e-13 -4.586727e-13 -3.093016e-13 -2.073025e-13 -1.409454e-13 -9.747723e-14
3.000000e+01 -6.137290e-14 -4.387053e-13 -5.909972e-13 -4.487279e-13 -3.047473e-13 -2.050832e-13 -1.397933e-13 -9.684846e-14
3.100000e+01 -5.472233e-14 -4.081071e-13 -5.691129e-13 -4.384655e-13 -3.000272e-13 -2.028004e-13 -1.386304e-13 -9.623180e-14
3.200000e+01 -4.914292e-14 -3.783089e-13 -5.469268e-13 -4.279569e-13 -2.951904e-13 -2.004642e-13 -1.374419e-13 -9.560275e-14
3.300000e+01 -4.457536e-14 -3.494797e-13 -5.245029e-13 -4.171640e-13 -2.902077e-13 -1.980730e-13 -1.362418e-13 -9.497949e-14
3.400000e+01 -4.094380e-14 -3.217545e-13 -5.019168e-13 -4.061208e-13 -2.850730e-13 -1.956034e-13 -1.350054e-13 -9.434196e-14
3.500000e+01 -3.816317e-14 -2.952791e-13 -4.792238e-13 -3.948117e-13 -2.797833e-13 -1.930607e-13 -1.337369e-13 -9.369150e-14
3.600000e+01 -3.613209e-14 -2.701772e-13 -4.565287e-13 -3.832651e-13 -2.743189e-13 -1.904173e-13 -1.324167e-13 -9.301698e-14
3.700000e+01 -3.474409e-14 -2.465343e-13 -4.339344e-13 -3.715144e-13 -2.686960e-13 -1.876806e-13 -1.310441e-13 -9.231289e-14
3.800000e+01 -3.389051e-14 -2.244359e-13 -4.114903e-13 -3.596012e-13 -2.629345e-13 -1.848562e-13 -1.296204e-13 -9.158024e-14
3.900000e+01 -3.345936e-14 -2.039421e-13 -3.892932e-13 -3.475089e-13 -2.570168e-13 -1.819427e-13 -1.281502e-13 -9.082378e-14
4.000000e+01 -3.334465e-14 -1.850878e-13 -3.674347e-13 -3.353056e-13 -2.509497e-13 -1.789186e-13 -1.266104e-13 -9.002695e-14
4.100000e+01 -3.344641e-14 -1.678960e-13 -3.459730e-13 -3.230133e-13 -2.447614e-13 -1.758094e-13 -1.250157e-13 -8.919411e-14
4.200000e+01 -3.367124e-14 -1.523632e-13 -3.250023e-13 -3.106510e-13 -2.384429e-13 -1.726069e-13 -1.233640e-13 -8.832827e-14
4.300000e+01 -3.393492e-14 -1.384725e-13 -3.045890e-13 -2.982780e-13 -2.320125e-13 -1.693070e-13 -1.216456e-13 -8.742019e-14
4.400000e+01 -3.416935e-14 -1.261833e-13 -2.847993e-13 -2.859129e-13 -2.254923e-13 -1.659298e-13 -1.198715e-13 -8.647339e-14
4.500000e+01 -3.433055e-14 -1.154450e-13 -2.656830e-13 -2.736025e-13 -2.188875e-13 -1.624683e-13 -1.180393e-13 -8.549074e-14
4.600000e+01 -3.433705e-14 -1.061918e-13 -2.473051e-13 -2.613593e-13 -2.122123e-13 -1.589354e-13 -1.161532e-13 -8.446997e-14
4.700000e+01 -3.418263e-14 -9.833828e-14 -2.297135e-13 -2.492417e-13 -2.054758e-13 -1.553220e-13 -1.142064e-13 -8.340935e-14
4.800000e+01 -3.386448e-14 -9.179653e-14 -2.129378e-13 -2.372693e-13 -1.987102e-13 -1.516524e-13 -1.122084e-13 -8.230856e-14
4.900000e+01 -3.334816e-14 -8.646631e-14 -1.970206e-13 -2.254706e-13 -1.919100e-13 -1.479215e-13 -1.101629e-13 -8.117577e-14
5.000000e+01 -3.265940e-14 -8.223715e-14 -1.819868e-13 -2.138861e-13 -1.851035e-13 -1.441360e-13 -1.080638e-13 -8.000183e-14
5.100000e+01 -3.179346e-14 -7.900015e-14 -1.678556e-13 -2.025373e-13 -1.783043e-13 -1.403095e-13 -1.059232e-13 -7.879478e-14
5.200000e+01 -3.077803e-14 -7.664080e-14 -1.546435e-13 -1.914563e-13 -1.715240e-13 -1.364433e-13 -1.037400e-13 -7.755464e-14
5.300000e+01 -2.964296e-14 -7.503905e-14 -1.423483e-13 -1.806705e-13 -1.647858e-13 -1.325487e-13 -1.015178e-13 -7.628110e-14
5.400000e+01 -2.841133e-14 -7.408016e-14 -1.309718e-13 -1.701899e-13 -1.580976e-13 -1.286353e-13 -9.926486e-14 -7.497958e-14
5.500000e+01 -2.711722e-14 -7.365451e-14 -1.205106e-13 -1.600418e-13 -1.514673e-13 -1.247013e-13 -9.697877e-14 -7.364966e-14
5.600000e+01 -2.583479e-14 -7.364908e-14 -1.109485e-13 -1.502515e-13 -1.449178e-13 -1.207562e-13 -9.466050e-14 -7.228880e-14
5.700000e+01 -2.452683e-14 -7.395543e-14 -1.022656e-13 -1.408286e-13 -1.384647e-13 -1.168162e-13 -9.232147e-14 -7.090333e-14
5.800000e+01 -2.325483e-14 -7.448565e-14 -9.444005e-14 -1.317874e-13 -1.321135e-13 -1.128822e-13 -8.996453e-14 -6.949766e-14
5.900000e+01 -2.205343e-14 -7.514917e-14 -8.744222e-14 -1.231395e-13 -1.258776e-13 -1.089608e-13 -8.758956e-14 -6.806920e-14
6.000000e+01 -2.095309e-14 -7.585841e-14 -8.124148e-14 -1.148988e-13 -1.197678e-13 -1.050584e-13 -8.520178e-14 -6.662158e-14
6.100000e+01 -1.995086e-14 -7.654609e-14 -7.579768e-14 -1.070729e-13 -1.138032e-13 -1.011863e-13 -8.280466e-14 -6.515523e-14
6.200000e+01 -1.906766e-14 -7.714679e-14 -7.107217e-14 -9.965816e-14 -1.079854e-13 -9.735364e-14 -8.040859e-14 -6.367727e-14
6.300000e+01 -1.830723e-14 -7.760354e-14 -6.702191e-14 -9.266261e-14 -1.023192e-13 -9.355595e-14 -7.800972e-14 -6.218779e-14
6.400000e+01 -1.766827e-14 -7.787323e-14 -6.360107e-14 -8.608793e-14 -9.681887e-14 -8.980447e-14 -7.561062e-14 -6.068363e-14
6.500000e+01 -1.715872e-14 -7.794302e-14 -6.076291e-14 -7.993160e-14 -9.149250e-14 -8.610723e-14 -7.321933e-14 -5.917157e-14
6.600000e+01 -1.675638e-14 -7.776017e-14 -5.846085e-14 -7.419033e-14 -8.634467e-14 -8.246973e-14 -7.083996e-14 -5.765433e-14
6.700000e+01 -1.646037e-14 -7.731701e-14 -5.664426e-14 -6.885913e-14 -8.138279e-14 -7.889683e-14 -6.847453e-14 -5.613307e-14
6.800000e+01 -1.624924e-14 -7.662730e-14 -5.526394e-14 -6.392889e-14 -7.660888e-14 -7.539430e-14 -6.612839e-14 -5.461094e-14
6.900000e+01 -1.610893e-14 -7.566633e-14 -5.427208e-14 -5.939273e-14 -7.202650e-14 -7.196305e-14 -6.380189e-14 -5.308917e-14
7.000000e+01 -1.602293e-14 -7.445143e-14 -5.362124e-14 -5.524041e-14 -6.764248e-14 -6.861126e-14 -6.149883e-14 -5.156818e-14
7.100000e+01 -1.597095e-14 -7.300301e-14 -5.326103e-14 -5.145864e-14 -6.345576e-14 -6.534332e-14 -5.922541e-14 -5.005310e-14
7.200000e+01 -1.593478e-14 -7.133859e-14 -5.314666e-14 -4.803460e-14 -5.946698e-14 -6.215939e-14 -5.698169e-14 -4.854519e-14
7.300000e+01 -1.589859e-14 -6.947809e-14 -5.323756e-14 -4.495581e-14 -5.567905e-14 -5.906427e-14 -5.476979e-14 -4.704402e-14
7.400000e+01 -1.584701e-14 -6.744365e-14 -5.348812e-14 -4.220685e-14 -5.209324e-14 -5.606358e-14 -5.259470e-14 -4.555319e-14
7.500000e+01 -1.576758e-14 -6.527187e-14 -5.385890e-14 -3.976920e-14 -4.870439e-14 -5.315870e-14 -5.046079e-14 -4.407690e-14
7.600000e+01 -1.565031e-14 -6.299887e-14 -5.431520e-14 -3.762814e-14 -4.551112e-14 -5.034729e-14 -4.836563e-14 -4.261472e-14
7.700000e+01 -1.548781e-14 -6.065191e-14 -5.481914e-14 -3.576625e-14 -4.251434e-14 -4.763529e-14 -4.631150e-14 -4.116507e-14
7.800000e+01 -1.527591e-14 -5.826523e-14 -5.534256e-14 -3.416522e-14 -3.970923e-14 -4.502497e-14 -4.430468e-14 -3.973411e-14
7.900000e+01 -1.501330e-14 -5.586903e-14 -5.585467e-14 -3.280721e-14 -3.709186e-14 -4.251496e-14 -4.234449e-14 -3.832296e-14
8.000000e+01 -1.470161e-14 -5.349307e-14 -5.633098e-14 -3.167343e-14 -3.465939e-14 -4.010753e-14 -4.043218e-14 -3.693091e-14
8.100000e+01 -1.434443e-14 -5.116765e-14 -5.675116e-14 -3.074643e-14 -3.240606e-14 -3.780298e-14 -3.857103e-14 -3.556143e-14
8.200000e+01 -1.394766e-14 -4.891626e-14 -5.709192e-14 -3.000796e-14 -3.032788e-14 -3.560147e-14 -3.676111e-14 -3.421502e-14
8.300000e+01 -1.351884e-14 -4.676349e-14 -5.734004e-14 -2.943876e-14 -2.841787e-14 -3.350295e-14 -3.500495e-14 -3.289350e-14
8.400000e+01 -1.306667e-14 -4.472834e-14 -5.748202e-14 -2.902124e-14 -2.666991e-14 -3.150473e-14 -3.330127e-14 -3.159741e-14
8.500000e+01 -1.260114e-14 -4.282564e-14 -5.750539e-14 -2.874088e-14 -2.507988e-14 -2.960855e-14 -3.165134e-14 -3.032617e-14
8.600000e+01 -1.213168e-14 -4.106826e-14 -5.740636e-14 -2.857715e-14 -2.363976e-14 -2.781360e-14 -3.005826e-14 -2.908352e-14
8.700000e+01 -1.166751e-14 -3.946557e-14 -5.717869e-14 -2.851148e-14 -2.234265e-14 -2.611723e-14 -2.852099e-14 -2.787008e-14
8.800000e+01 -1.121832e-14 -3.802263e-14 -5.682124e-14 -2.853353e-14 -2.118191e-14 -2.451867e-14 -2.703991e-14 -2.668546e-14
8.900000e+01 -1.079165e-14 -3.674091e-14 -5.633339e-14 -2.862698e-14 -2.015020e-14 -2.301554e-14 -2.561549e-14 -2.553124e-14
9.000000e+01 -1.039394e-14 -3.561848e-14 -5.571720e-14 -2.877788e-14 -1.924068e-14 -2.160598e-14 -2.424723e-14 -2.440738e-14
9.100000e+01 -1.003061e-14 -3.465116e-14 -5.497720e-14 -2.897087e-14 -1.844582e-14 -2.028783e-14 -2.293528e-14 -2.331454e-14
9.200000e+01 -9.705566e-15 -3.383233e-14 -5.411913e-14 -2.919311e-14 -1.775731e-14 -1.905856e-14 -2.167939e-14 -2.225309e-14
9.300000e+01 -9.419764e-15 -3.315066e-14 -5.315096e-14 -2.943395e-14 -1.716784e-14 -1.791509e-14 -2.047877e-14 -2.122333e-14
9.400000e+01 -9.174431e-15 -3.259568e-14 -5.208193e-14 -2.968244e-14 -1.667144e-14 -1.685604e-14 -1.933345e-14 -2.022528e-14
9.500000e+01 -8.968222e-15 -3.215403e-14 -5.092126e-14 -2.992720e-14 -1.625910e-14 -1.587825e-14 -1.824383e-14 -1.926057e-14
9.600000e+01 -8.798186e-15 -3.181019e-14 -4.968067e-14 -3.016161e-14 -1.592376e-14 -1.497784e-14 -1.720800e-14 -1.832884e-14
9.700000e+01 -8.660475e-15 -3.155031e-14 -4.837119e-14 -3.037758e-14 -1.565966e-14 -1.415273e-14 -1.622533e-14 -1.742934e-14
9.800000e+01 -8.550406e-15 -3.135814e-14 -4.700424e-14 -3.056700e-14 -1.545960e-14 -1.340035e-14 -1.529614e-14 -1.656345e-14
9.900000e+01 -8.462385e-15 -3.121475e-14 -4.559269e-14 -3.072340e-14 -1.531556e-14 -1.271619e-14 -1.441848e-14 -1.573113e-14
1.000000e+02 -8.390190e-15 -3.110767e-14 -4.414832e-14 -3.084269e-14 -1.522147e-14 -1.209645e-14 -1.359005e-14 -1.493059e-14
