2.000000e+00 4.810082e-26
3.000000e+00 6.653702e-26
4.000000e+00 8.476340e-26
5.000000e+00 1.028158e-25
6.000000e+00 1.207139e-25
7.000000e+00 1.384691e-25
8.000000e+00 1.560878e-25
9.000000e+00 1.735736e-25
1.000000e+01 1.909276e-25
1.100000e+01 2.081499e-25
1.200000e+01 2.252372e-25
1.300000e+01 2.421893e-25
1.400000e+01 2.590032e-25
1.500000e+01 2.756779e-25
1.600000e+01 2.922097e-25
1.700000e+01 3.085943e-25
1.800000e+01 3.248302e-25
1.900000e+01 3.409130e-25
2.000000e+01 3.568384e-25
2.100000e+01 3.726041e-25
2.200000e+01 3.882073e-25
2.300000e+01 4.036428e-25
2.400000e+01 4.189088e-25
2.500000e+01 4.340010e-25
2.600000e+01 4.489175e-25
2.700000e+01 4.636545e-25
2.800000e+01 4.782093e-25
2.900000e+01 4.925786e-25
3.000000e+01 5.067609e-25
3.100000e+01 5.207532e-25
3.200000e+01 5.345535e-25
3.300000e+01 5.481592e-25
3.400000e+01 5.615680e-25
3.500000e+01 5.747789e-25
3.600000e+01 5.877898e-25
3.700000e+01 6.005995e-25
3.800000e+01 6.132063e-25
3.900000e+01 6.256086e-25
4.000000e+01 6.378060e-25
4.100000e+01 6.497971e-25
4.200000e+01 6.615821e-25
4.300000e+01 6.731593e-25
4.400000e+01 6.845282e-25
4.500000e+01 6.956898e-25
4.600000e+01 7.066424e-25
4.700000e+01 7.173862e-25
4.800000e+01 7.279222e-25
4.900000e+01 7.382502e-25
5.000000e+01 7.483702e-25
5.100000e+01 7.582831e-25
5.200000e+01 7.679893e-25
5.300000e+01 7.774894e-25
5.400000e+01 7.867845e-25
5.500000e+01 7.958739e-25
5.600000e+01 8.047611e-25
5.700000e+01 8.134457e-25
5.800000e+01 8.219289e-25
5.900000e+01 8.302121e-25
6.000000e+01 8.382965e-25
6.100000e+01 8.461841e-25
6.200000e+01 8.538759e-25
6.300000e+01 8.613726e-25
6.400000e+01 8.686767e-25
6.500000e+01 8.757894e-25
6.600000e+01 8.827127e-25
6.700000e+01 8.894484e-25
6.800000e+01 8.959980e-25
6.900000e+01 9.023636e-25
7.000000e+01 9.085456e-25
7.100000e+01 9.145464e-25
7.200000e+01 9.203692e-25
7.300000e+01 9.260151e-25
7.400000e+01 9.314851e-25
7.500000e+01 9.367821e-25
7.600000e+01 9.419083e-25
7.700000e+01 9.468644e-25
7.800000e+01 9.516528e-25
7.900000e+01 9.562760e-25
8.000000e+01 9.607354e-25
8.100000e+01 9.650329e-25
8.200000e+01 9.691704e-25
8.300000e+01 9.731499e-25
8.400000e+01 9.769734e-25
8.500000e+01 9.806426e-25
8.600000e+01 9.841592e-25
8.700000e+01 9.875253e-25
8.800000e+01 9.907434e-25
8.900000e+01 9.938152e-25
9.000000e+01 9.967411e-25
9.100000e+01 9.995232e-25
9.200000e+01 1.002165e-24
9.300000e+01 1.004667e-24
9.400000e+01 1.007031e-24
9.500000e+01 1.009260e-24
9.600000e+01 1.011353e-24
9.700000e+01 1.013314e-24
9.800000e+01 1.015145e-24
9.900000e+01 1.016847e-24
1.000000e+02 1.018421e-24
