2.000000e+00 5.334668e-24
3.000000e+00 7.379141e-24
4.000000e+00 9.400143e-24
5.000000e+00 1.140159e-23
6.000000e+00 1.338562e-23
7.000000e+00 1.535343e-23
8.000000e+00 1.730571e-23
9.000000e+00 1.924277e-23
1.000000e+01 2.116473e-23
1.100000e+01 2.307152e-23
1.200000e+01 2.496275e-23
1.300000e+01 2.683840e-23
1.400000e+01 2.869804e-23
1.500000e+01 3.054159e-23
1.600000e+01 3.236853e-23
1.700000e+01 3.417845e-23
1.800000e+01 3.597111e-23
1.900000e+01 3.774598e-23
2.000000e+01 3.950261e-23
2.100000e+01 4.124074e-23
2.200000e+01 4.296003e-23
2.300000e+01 4.465988e-23
2.400000e+01 4.634013e-23
2.500000e+01 4.800027e-23
2.600000e+01 4.964012e-23
2.700000e+01 5.125924e-23
2.800000e+01 5.285736e-23
2.900000e+01 5.443414e-23
3.000000e+01 5.598942e-23
3.100000e+01 5.752286e-23
3.200000e+01 5.903432e-23
3.300000e+01 6.052347e-23
3.400000e+01 6.199014e-23
3.500000e+01 6.343422e-23
3.600000e+01 6.485552e-23
3.700000e+01 6.625393e-23
3.800000e+01 6.762930e-23
3.900000e+01 6.898151e-23
4.000000e+01 7.031053e-23
4.100000e+01 7.161630e-23
4.200000e+01 7.289881e-23
4.300000e+01 7.415793e-23
4.400000e+01 7.539372e-23
4.500000e+01 7.660626e-23
4.600000e+01 7.779539e-23
4.700000e+01 7.896128e-23
4.800000e+01 8.010402e-23
4.900000e+01 8.122361e-23
5.000000e+01 8.232014e-23
5.100000e+01 8.339374e-23
5.200000e+01 8.444447e-23
5.300000e+01 8.547252e-23
5.400000e+01 8.647791e-23
5.500000e+01 8.746078e-23
5.600000e+01 8.842146e-23
5.700000e+01 8.935992e-23
5.800000e+01 9.027639e-23
5.900000e+01 9.117103e-23
6.000000e+01 9.204405e-23
6.100000e+01 9.289567e-23
6.200000e+01 9.372597e-23
6.300000e+01 9.453519e-23
6.400000e+01 9.532355e-23
6.500000e+01 9.609124e-23
6.600000e+01 9.683849e-23
6.700000e+01 9.756553e-23
6.800000e+01 9.827256e-23
6.900000e+01 9.895977e-23
7.000000e+01 9.962724e-23
7.100000e+01 1.002754e-22
7.200000e+01 1.009045e-22
7.300000e+01 1.015145e-22
7.400000e+01 1.021058e-22
7.500000e+01 1.026787e-22
7.600000e+01 1.032332e-22
7.700000e+01 1.037697e-22
7.800000e+01 1.042883e-22
7.900000e+01 1.047893e-22
8.000000e+01 1.052728e-22
8.100000e+01 1.057392e-22
8.200000e+01 1.061885e-22
8.300000e+01 1.066210e-22
8.400000e+01 1.070369e-22
8.500000e+01 1.074364e-22
8.600000e+01 1.078197e-22
8.700000e+01 1.081871e-22
8.800000e+01 1.085387e-22
8.900000e+01 1.088747e-22
9.000000e+01 1.091952e-22
9.100000e+01 1.095005e-22
9.200000e+01 1.097909e-22
9.300000e+01 1.100664e-22
9.400000e+01 1.103273e-22
9.500000e+01 1.105737e-22
9.600000e+01 1.108057e-22
9.700000e+01 1.110237e-22
9.800000e+01 1.112279e-22
9.900000e+01 1.114183e-22
1.000000e+02 1.115950e-22
