2.000000e+00 2.731146e-16
3.000000e+00 3.778023e-16
4.000000e+00 4.813063e-16
5.000000e+00 5.838318e-16
6.000000e+00 6.854932e-16
7.000000e+00 7.863560e-16
8.000000e+00 8.864595e-16
9.000000e+00 9.858247e-16
1.000000e+01 1.084461e-15
1.100000e+01 1.182369e-15
1.200000e+01 1.279534e-15
1.300000e+01 1.375953e-15
1.400000e+01 1.471612e-15
1.500000e+01 1.566507e-15
1.600000e+01 1.660617e-15
1.700000e+01 1.753919e-15
1.800000e+01 1.846405e-15
1.900000e+01 1.938053e-15
2.000000e+01 2.028837e-15
2.100000e+01 2.118744e-15
2.200000e+01 2.207760e-15
2.300000e+01 2.295857e-15
2.400000e+01 2.383022e-15
2.500000e+01 2.469233e-15
2.600000e+01 2.554477e-15
2.700000e+01 2.638735e-15
2.800000e+01 2.721989e-15
2.900000e+01 2.804222e-15
3.000000e+01 2.885422e-15
3.100000e+01 2.965575e-15
3.200000e+01 3.044665e-15
3.300000e+01 3.122680e-15
3.400000e+01 3.199605e-15
3.500000e+01 3.275432e-15
3.600000e+01 3.350149e-15
3.700000e+01 3.423748e-15
3.800000e+01 3.496218e-15
3.900000e+01 3.567549e-15
4.000000e+01 3.637737e-15
4.100000e+01 3.706771e-15
4.200000e+01 3.774653e-15
4.300000e+01 3.841372e-15
4.400000e+01 3.906922e-15
4.500000e+01 3.971306e-15
4.600000e+01 4.034517e-15
4.700000e+01 4.096549e-15
4.800000e+01 4.157410e-15
4.900000e+01 4.217095e-15
5.000000e+01 4.275604e-15
5.100000e+01 4.332938e-15
5.200000e+01 4.389101e-15
5.300000e+01 4.444091e-15
5.400000e+01 4.497915e-15
5.500000e+01 4.550567e-15
5.600000e+01 4.602062e-15
5.700000e+01 4.652403e-15
5.800000e+01 4.701589e-15
5.900000e+01 4.749629e-15
6.000000e+01 4.796527e-15
6.100000e+01 4.842293e-15
6.200000e+01 4.886934e-15
6.300000e+01 4.930450e-15
6.400000e+01 4.972854e-15
6.500000e+01 5.014153e-15
6.600000e+01 5.054355e-15
6.700000e+01 5.093470e-15
6.800000e+01 5.131507e-15
6.900000e+01 5.168475e-15
7.000000e+01 5.204380e-15
7.100000e+01 5.239227e-15
7.200000e+01 5.273036e-15
7.300000e+01 5.305816e-15
7.400000e+01 5.337570e-15
7.500000e+01 5.368312e-15
7.600000e+01 5.398056e-15
7.700000e+01 5.426807e-15
7.800000e+01 5.454574e-15
7.900000e+01 5.481374e-15
8.000000e+01 5.507214e-15
8.100000e+01 5.532104e-15
8.200000e+01 5.556055e-15
8.300000e+01 5.579078e-15
8.400000e+01 5.601186e-15
8.500000e+01 5.622387e-15
8.600000e+01 5.642690e-15
8.700000e+01 5.662108e-15
8.800000e+01 5.680654e-15
8.900000e+01 5.698340e-15
9.000000e+01 5.715171e-15
9.100000e+01 5.731154e-15
9.200000e+01 5.746304e-15
9.300000e+01 5.760639e-15
9.400000e+01 5.774163e-15
9.500000e+01 5.786883e-15
9.600000e+01 5.798814e-15
9.700000e+01 5.809962e-15
9.800000e+01 5.820339e-15
9.900000e+01 5.829962e-15
1.000000e+02 5.838837e-15
