2.000000e+00 4.494606e-35
3.000000e+00 6.216708e-35
4.000000e+00 7.918629e-35
5.000000e+00 9.603554e-35
6.000000e+00 1.127318e-34
7.000000e+00 1.292843e-34
8.000000e+00 1.456976e-34
9.000000e+00 1.619738e-34
1.000000e+01 1.781126e-34
1.100000e+01 1.941127e-34
1.200000e+01 2.099703e-34
1.300000e+01 2.256845e-34
1.400000e+01 2.412511e-34
1.500000e+01 2.566689e-34
1.600000e+01 2.719325e-34
1.700000e+01 2.870390e-34
1.800000e+01 3.019853e-34
1.900000e+01 3.167665e-34
2.000000e+01 3.313793e-34
2.100000e+01 3.458215e-34
2.200000e+01 3.600890e-34
2.300000e+01 3.741782e-34
2.400000e+01 3.880870e-34
2.500000e+01 4.018116e-34
2.600000e+01 4.153506e-34
2.700000e+01 4.287007e-34
2.800000e+01 4.418598e-34
2.900000e+01 4.548259e-34
3.000000e+01 4.675976e-34
3.100000e+01 4.801731e-34
3.200000e+01 4.925515e-34
3.300000e+01 5.047306e-34
3.400000e+01 5.167101e-34
3.500000e+01 5.284894e-34
3.600000e+01 5.400679e-34
3.700000e+01 5.514452e-34
3.800000e+01 5.626208e-34
3.900000e+01 5.735951e-34
4.000000e+01 5.843680e-34
4.100000e+01 5.949407e-34
4.200000e+01 6.053128e-34
4.300000e+01 6.154849e-34
4.400000e+01 6.254589e-34
4.500000e+01 6.352344e-34
4.600000e+01 6.448129e-34
4.700000e+01 6.541963e-34
4.800000e+01 6.633854e-34
4.900000e+01 6.723814e-34
5.000000e+01 6.811862e-34
5.100000e+01 6.898011e-34
5.200000e+01 6.982279e-34
5.300000e+01 7.064681e-34
5.400000e+01 7.145227e-34
5.500000e+01 7.223955e-34
5.600000e+01 7.300868e-34
5.700000e+01 7.375987e-34
5.800000e+01 7.449335e-34
5.900000e+01 7.520929e-34
6.000000e+01 7.590795e-34
6.100000e+01 7.658943e-34
6.200000e+01 7.725395e-34
6.300000e+01 7.790174e-34
6.400000e+01 7.853299e-34
6.500000e+01 7.914792e-34
6.600000e+01 7.974672e-34
6.700000e+01 8.032960e-34
6.800000e+01 8.089670e-34
6.900000e+01 8.144816e-34
7.000000e+01 8.198430e-34
7.100000e+01 8.250532e-34
7.200000e+01 8.301129e-34
7.300000e+01 8.350246e-34
7.400000e+01 8.397906e-34
7.500000e+01 8.444118e-34
7.600000e+01 8.488901e-34
7.700000e+01 8.532276e-34
7.800000e+01 8.574262e-34
7.900000e+01 8.614871e-34
8.000000e+01 8.654119e-34
8.100000e+01 8.692027e-34
8.200000e+01 8.728609e-34
8.300000e+01 8.763878e-34
8.400000e+01 8.797852e-34
8.500000e+01 8.830546e-34
8.600000e+01 8.861980e-34
8.700000e+01 8.892165e-34
8.800000e+01 8.921114e-34
8.900000e+01 8.948835e-34
9.000000e+01 8.975354e-34
9.100000e+01 9.000687e-34
9.200000e+01 9.024840e-34
9.300000e+01 9.047830e-34
9.400000e+01 9.069667e-34
9.500000e+01 9.090364e-34
9.600000e+01 9.109946e-34
9.700000e+01 9.128423e-34
9.800000e+01 9.145797e-34
9.900000e+01 9.162075e-34
1.000000e+02 9.177293e-34
