2.000000e+00 -6.511222e-14 -1.367548e-13 -5.773510e-14 -3.070776e-15 1.410688e-14 1.683210e-14 1.517474e-14 1.256097e-14
3.000000e+00 -4.760110e-14 -1.005952e-13 -4.373710e-14 -3.718351e-15 9.168379e-15 1.146316e-14 1.047961e-14 8.732769e-15
4.000000e+00 -3.830871e-14 -8.162472e-14 -3.671806e-14 -4.432869e-15 6.264845e-15 8.405635e-15 7.834677e-15 6.587314e-15
5.000000e+00 -3.265342e-14 -7.028720e-14 -3.283349e-14 -5.183725e-15 4.280567e-15 6.400342e-15 6.128343e-15 5.216200e-15
6.000000e+00 -2.890213e-14 -6.298819e-14 -3.057826e-14 -5.939368e-15 2.781569e-15 4.942339e-15 4.906336e-15 4.242080e-15
7.000000e+00 -2.624108e-14 -5.801431e-14 -2.923453e-14 -6.650115e-15 1.609767e-15 3.839764e-15 3.994824e-15 3.520863e-15
8.000000e+00 -2.422929e-14 -5.446090e-14 -2.847782e-14 -7.361494e-15 6.185851e-16 2.941999e-15 3.265461e-15 2.949577e-15
9.000000e+00 -2.262282e-14 -5.181379e-14 -2.806163e-14 -8.025695e-15 -2.149219e-16 2.208769e-15 2.678220e-15 2.493569e-15
1.000000e+01 -2.126712e-14 -4.974817e-14 -2.786408e-14 -8.656214e-15 -9.435354e-16 1.584082e-15 2.184377e-15 2.113075e-15
1.100000e+01 -2.006321e-14 -4.803300e-14 -2.778541e-14 -9.249232e-15 -1.590999e-15 1.040268e-15 1.759281e-15 1.788051e-15
1.200000e+01 -1.894883e-14 -4.656413e-14 -2.778530e-14 -9.799894e-15 -2.165279e-15 5.675318e-16 1.394357e-15 1.511389e-15
1.300000e+01 -1.787373e-14 -4.519998e-14 -2.781997e-14 -1.032700e-14 -2.698995e-15 1.344925e-16 1.063055e-15 1.261876e-15
1.400000e+01 -1.681317e-14 -4.388360e-14 -2.782257e-14 -1.078386e-14 -3.164676e-15 -2.431685e-16 7.746750e-16 1.044990e-15
1.500000e+01 -1.575177e-14 -4.255437e-14 -2.779934e-14 -1.120297e-14 -3.591179e-15 -5.857184e-16 5.156292e-16 8.519137e-16
1.600000e+01 -1.467784e-14 -4.119854e-14 -2.771954e-14 -1.156066e-14 -3.967347e-15 -8.906091e-16 2.840028e-16 6.787695e-16
1.700000e+01 -1.358703e-14 -3.977089e-14 -2.758739e-14 -1.188273e-14 -4.314765e-15 -1.171461e-15 7.228406e-17 5.218928e-16
1.800000e+01 -1.248131e-14 -3.826128e-14 -2.737260e-14 -1.214433e-14 -4.621394e-15 -1.424974e-15 -1.208851e-16 3.777731e-16
1.900000e+01 -1.136261e-14 -3.666354e-14 -2.708106e-14 -1.235512e-14 -4.892882e-15 -1.653020e-15 -2.950773e-16 2.480429e-16
2.000000e+01 -1.023820e-14 -3.496719e-14 -2.670266e-14 -1.251570e-14 -5.133745e-15 -1.860918e-15 -4.553101e-16 1.283174e-16
2.100000e+01 -9.114675e-15 -3.318032e-14 -2.623820e-14 -1.261929e-14 -5.338585e-15 -2.045489e-15 -5.999273e-16 1.938194e-17
2.200000e+01 -8.001452e-15 -3.130081e-14 -2.568462e-14 -1.267458e-14 -5.516059e-15 -2.212530e-15 -7.322707e-16 -8.052414e-17
2.300000e+01 -6.907168e-15 -2.934086e-14 -2.504471e-14 -1.267537e-14 -5.660996e-15 -2.359764e-15 -8.521500e-16 -1.723138e-16
2.400000e+01 -5.841722e-15 -2.730299e-14 -2.431839e-14 -1.262838e-14 -5.779304e-15 -2.490536e-15 -9.609299e-16 -2.562048e-16
2.500000e+01 -4.813733e-15 -2.520815e-14 -2.350340e-14 -1.252413e-14 -5.865706e-15 -2.603270e-15 -1.059041e-15 -3.334409e-16
2.600000e+01 -3.831942e-15 -2.306401e-14 -2.261605e-14 -1.237532e-14 -5.924028e-15 -2.697401e-15 -1.144383e-15 -4.017130e-16
2.700000e+01 -2.903954e-15 -2.088757e-14 -2.165168e-14 -1.217892e-14 -5.958022e-15 -2.778711e-15 -1.222338e-15 -4.652704e-16
2.800000e+01 -2.036174e-15 -1.869111e-14 -2.062216e-14 -1.193767e-14 -5.964687e-15 -2.843362e-15 -1.289916e-15 -5.222483e-16
2.900000e+01 -1.234419e-15 -1.649181e-14 -1.952660e-14 -1.165305e-14 -5.947968e-15 -2.894774e-15 -1.349369e-15 -5.738214e-16
3.000000e+01 -5.028178e-16 -1.430474e-14 -1.837825e-14 -1.132556e-14 -5.904794e-15 -2.930616e-15 -1.399551e-15 -6.197424e-16
3.100000e+01 1.559202e-16 -1.214391e-14 -1.718070e-14 -1.096201e-14 -5.840454e-15 -2.953635e-15 -1.441371e-15 -6.599034e-16
3.200000e+01 7.399797e-16 -1.002618e-14 -1.594109e-14 -1.055993e-14 -5.753061e-15 -2.963825e-15 -1.476049e-15 -6.959348e-16
3.300000e+01 1.249292e-15 -7.964099e-15 -1.467009e-14 -1.012492e-14 -5.644295e-15 -2.960628e-15 -1.502213e-15 -7.264400e-16
3.400000e+01 1.684691e-15 -5.970397e-15 -1.337382e-14 -9.660714e-15 -5.516634e-15 -2.946122e-15 -1.521378e-15 -7.524040e-16
3.500000e+01 2.048342e-15 -4.057986e-15 -1.205843e-14 -9.168310e-15 -5.370464e-15 -2.920595e-15 -1.533994e-15 -7.743684e-16
3.600000e+01 2.343507e-15 -2.237256e-15 -1.073398e-14 -8.650144e-15 -5.205672e-15 -2.883715e-15 -1.539769e-15 -7.921011e-16
3.700000e+01 2.574706e-15 -5.173457e-16 -9.406797e-15 -8.111547e-15 -5.025162e-15 -2.836337e-15 -1.538723e-15 -8.053718e-16
3.800000e+01 2.746318e-15 1.093335e-15 -8.083454e-15 -7.553151e-15 -4.829234e-15 -2.779466e-15 -1.531935e-15 -8.150540e-16
3.900000e+01 2.864090e-15 2.586510e-15 -6.771868e-15 -6.977384e-15 -4.618191e-15 -2.712494e-15 -1.518753e-15 -8.207203e-16
4.000000e+01 2.933766e-15 3.959076e-15 -5.484269e-15 -6.390394e-15 -4.393304e-15 -2.635693e-15 -1.499298e-15 -8.223844e-16
4.100000e+01 2.961981e-15 5.206887e-15 -4.220959e-15 -5.797198e-15 -4.160392e-15 -2.552202e-15 -1.474644e-15 -8.202121e-16
4.200000e+01 2.955266e-15 6.327021e-15 -2.989526e-15 -5.195409e-15 -3.916642e-15 -2.462183e-15 -1.446597e-15 -8.162429e-16
4.300000e+01 2.920034e-15 7.319651e-15 -1.796629e-15 -4.590085e-15 -3.663091e-15 -2.363913e-15 -1.412816e-15 -8.085960e-16
4.400000e+01 2.861392e-15 8.184944e-15 -6.463770e-16 -3.984484e-15 -3.402190e-15 -2.259125e-15 -1.374332e-15 -7.976720e-16
4.500000e+01 2.786037e-15 8.924892e-15 4.535665e-16 -3.380340e-15 -3.134074e-15 -2.148307e-15 -1.331708e-15 -7.839771e-16
4.600000e+01 2.700000e-15 9.542955e-15 1.500522e-15 -2.783784e-15 -2.861705e-15 -2.031710e-15 -1.284516e-15 -7.671618e-16
4.700000e+01 2.608744e-15 1.004322e-14 2.491651e-15 -2.194571e-15 -2.586832e-15 -1.912038e-15 -1.234765e-15 -7.482952e-16
4.800000e+01 2.516381e-15 1.043168e-14 3.423580e-15 -1.614932e-15 -2.308575e-15 -1.787807e-15 -1.181788e-15 -7.274787e-16
4.900000e+01 2.426949e-15 1.071440e-14 4.292767e-15 -1.046831e-15 -2.028100e-15 -1.659526e-15 -1.125342e-15 -7.040743e-16
5.000000e+01 2.344248e-15 1.089817e-14 5.096572e-15 -4.943386e-16 -1.746934e-15 -1.527437e-15 -1.065507e-15 -6.782393e-16
5.100000e+01 2.267561e-15 1.099140e-14 5.834530e-15 4.019050e-17 -1.467828e-15 -1.393386e-15 -1.003129e-15 -6.501917e-16
5.200000e+01 2.204559e-15 1.100220e-14 6.505911e-15 5.567336e-16 -1.191188e-15 -1.258360e-15 -9.393121e-16 -6.208859e-16
5.300000e+01 2.152318e-15 1.093900e-14 7.109401e-15 1.053324e-15 -9.164109e-16 -1.121336e-15 -8.734908e-16 -5.901780e-16
5.400000e+01 2.110123e-15 1.081076e-14 7.645485e-15 1.527315e-15 -6.458485e-16 -9.830448e-16 -8.053627e-16 -5.574441e-16
5.500000e+01 2.086201e-15 1.062670e-14 8.114983e-15 1.977636e-15 -3.807555e-16 -8.448497e-16 -7.360375e-16 -5.233714e-16
5.600000e+01 2.072264e-15 1.039613e-14 8.518843e-15 2.404115e-15 -1.214826e-16 -7.071548e-16 -6.658935e-16 -4.883258e-16
5.700000e+01 2.071116e-15 1.012730e-14 8.858384e-15 2.805055e-15 1.317595e-16 -5.695684e-16 -5.947129e-16 -4.523137e-16
5.800000e+01 2.079630e-15 9.828658e-15 9.135738e-15 3.179531e-15 3.772795e-16 -4.330317e-16 -5.225494e-16 -4.149880e-16
5.900000e+01 2.104391e-15 9.509600e-15 9.353240e-15 3.527083e-15 6.145308e-16 -2.982427e-16 -4.502149e-16 -3.769999e-16
6.000000e+01 2.136768e-15 9.176800e-15 9.513559e-15 3.847330e-15 8.430061e-16 -1.654173e-16 -3.777241e-16 -3.383652e-16
6.100000e+01 2.172986e-15 8.837256e-15 9.619587e-15 4.140120e-15 1.062190e-15 -3.495644e-17 -3.053706e-16 -2.992564e-16
6.200000e+01 2.216246e-15 8.499272e-15 9.674722e-15 4.405164e-15 1.271536e-15 9.286864e-17 -2.332933e-16 -2.597888e-16
6.300000e+01 2.263663e-15 8.168760e-15 9.682274e-15 4.642485e-15 1.470464e-15 2.176387e-16 -1.615994e-16 -2.198931e-16
6.400000e+01 2.313015e-15 7.847948e-15 9.645897e-15 4.852330e-15 1.658560e-15 3.389150e-16 -9.072056e-17 -1.799151e-16
6.500000e+01 2.362197e-15 7.545972e-15 9.569365e-15 5.035208e-15 1.835501e-15 4.563413e-16 -2.086840e-17 -1.399663e-16
6.600000e+01 2.411562e-15 7.263904e-15 9.456743e-15 5.191667e-15 2.001122e-15 5.697409e-16 4.782841e-17 -1.001659e-16
6.700000e+01 2.458448e-15 7.004492e-15 9.311824e-15 5.322309e-15 2.155391e-15 6.789595e-16 1.151974e-16 -6.061510e-17
6.800000e+01 2.501993e-15 6.773363e-15 9.138570e-15 5.427835e-15 2.297954e-15 7.838309e-16 1.812729e-16 -2.127596e-17
6.900000e+01 2.541503e-15 6.569466e-15 8.940913e-15 5.509185e-15 2.428738e-15 8.839003e-16 2.456618e-16 1.768268e-17
7.000000e+01 2.576172e-15 6.394337e-15 8.722987e-15 5.567399e-15 2.547724e-15 9.790877e-16 3.082545e-16 5.606898e-17
7.100000e+01 2.605374e-15 6.249694e-15 8.488148e-15 5.603556e-15 2.655129e-15 1.069317e-15 3.689162e-16 9.382611e-17
7.200000e+01 2.628794e-15 6.133843e-15 8.240555e-15 5.618624e-15 2.750738e-15 1.154419e-15 4.276547e-16 1.309640e-16
7.300000e+01 2.646382e-15 6.046364e-15 7.983521e-15 5.614155e-15 2.834975e-15 1.234118e-15 4.840710e-16 1.672521e-16
7.400000e+01 2.658109e-15 5.987324e-15 7.720635e-15 5.591250e-15 2.908163e-15 1.308886e-15 5.383944e-16 2.026293e-16
7.500000e+01 2.664143e-15 5.952439e-15 7.455150e-15 5.551153e-15 2.970106e-15 1.378322e-15 5.906658e-16 2.373901e-16
7.600000e+01 2.664808e-15 5.942334e-15 7.189915e-15 5.495366e-15 3.021163e-15 1.442088e-15 6.402945e-16 2.710980e-16
7.700000e+01 2.660498e-15 5.953592e-15 6.927661e-15 5.425388e-15 3.061845e-15 1.500417e-15 6.872917e-16 3.035464e-16
7.800000e+01 2.651733e-15 5.983947e-15 6.670864e-15 5.342332e-15 3.092435e-15 1.553481e-15 7.318564e-16 3.349056e-16
7.900000e+01 2.639061e-15 6.030369e-15 6.422009e-15 5.247766e-15 3.113223e-15 1.601071e-15 7.738086e-16 3.651591e-16
8.000000e+01 2.623052e-15 6.089900e-15 6.183458e-15 5.143323e-15 3.124858e-15 1.643403e-15 8.130226e-16 3.940510e-16
8.100000e+01 2.604265e-15 6.160050e-15 5.954598e-15 5.029115e-15 3.127612e-15 1.680631e-15 8.497805e-16 4.218045e-16
8.200000e+01 2.583287e-15 6.237745e-15 5.741210e-15 4.908980e-15 3.122038e-15 1.712717e-15 8.838799e-16 4.483651e-16
8.300000e+01 2.560758e-15 6.320444e-15 5.542582e-15 4.782959e-15 3.108529e-15 1.739789e-15 9.153208e-16 4.735657e-16
8.400000e+01 2.537138e-15 6.405219e-15 5.358019e-15 4.651521e-15 3.087538e-15 1.761782e-15 9.439674e-16 4.974078e-16
8.500000e+01 2.512946e-15 6.489392e-15 5.190060e-15 4.516873e-15 3.059761e-15 1.779051e-15 9.698376e-16 5.196872e-16
8.600000e+01 2.488597e-15 6.570690e-15 5.038617e-15 4.379984e-15 3.025628e-15 1.791801e-15 9.932129e-16 5.406655e-16
8.700000e+01 2.464444e-15 6.646940e-15 4.904201e-15 4.242225e-15 2.985746e-15 1.800100e-15 1.013984e-15 5.603145e-16
8.800000e+01 2.440773e-15 6.716400e-15 4.786390e-15 4.104013e-15 2.940486e-15 1.804071e-15 1.032095e-15 5.784828e-16
8.900000e+01 2.417848e-15 6.777355e-15 4.685162e-15 3.966233e-15 2.890457e-15 1.804004e-15 1.047686e-15 5.952183e-16
9.000000e+01 2.395920e-15 6.828307e-15 4.600525e-15 3.831899e-15 2.836462e-15 1.800072e-15 1.060830e-15 6.105704e-16
9.100000e+01 2.374920e-15 6.868316e-15 4.531536e-15 3.699515e-15 2.778648e-15 1.792444e-15 1.071500e-15 6.244868e-16
9.200000e+01 2.354997e-15 6.896459e-15 4.477624e-15 3.570714e-15 2.717664e-15 1.781409e-15 1.079892e-15 6.370293e-16
9.300000e+01 2.336150e-15 6.912331e-15 4.437981e-15 3.446206e-15 2.654037e-15 1.767088e-15 1.086014e-15 6.482825e-16
9.400000e+01 2.318294e-15 6.915519e-15 4.411525e-15 3.326555e-15 2.588316e-15 1.749782e-15 1.089914e-15 6.581445e-16
9.500000e+01 2.301491e-15 6.906194e-15 4.397247e-15 3.212409e-15 2.520882e-15 1.729641e-15 1.091686e-15 6.666677e-16
9.600000e+01 2.285515e-15 6.884402e-15 4.394162e-15 3.103949e-15 2.452148e-15 1.706861e-15 1.091362e-15 6.738369e-16
9.700000e+01 2.270316e-15 6.850690e-15 4.400985e-15 3.002075e-15 2.383060e-15 1.681829e-15 1.089106e-15 6.797068e-16
9.800000e+01 2.255795e-15 6.805851e-15 4.416228e-15 2.906647e-15 2.313301e-15 1.654555e-15 1.084961e-15 6.843400e-16
9.900000e+01 2.241691e-15 6.749999e-15 4.438876e-15 2.817577e-15 2.243231e-15 1.625326e-15 1.078981e-15 6.876577e-16
1.000000e+02 2.227897e-15 6.684951e-15 4.467455e-15 2.735868e-15 2.173987e-15 1.594508e-15 1.071427e-15 6.898461e-16
