2.000000e+00 2.254344e-43
3.000000e+00 3.118417e-43
4.000000e+00 3.972677e-43
5.000000e+00 4.818809e-43
6.000000e+00 5.657745e-43
7.000000e+00 6.490017e-43
8.000000e+00 7.315940e-43
9.000000e+00 8.135675e-43
1.000000e+01 8.949294e-43
1.100000e+01 9.756792e-43
1.200000e+01 1.055803e-42
1.300000e+01 1.135299e-42
1.400000e+01 1.214155e-42
1.500000e+01 1.292365e-42
1.600000e+01 1.369913e-42
1.700000e+01 1.446779e-42
1.800000e+01 1.522956e-42
1.900000e+01 1.598424e-42
2.000000e+01 1.673163e-42
2.100000e+01 1.747162e-42
2.200000e+01 1.820408e-42
2.300000e+01 1.892877e-42
2.400000e+01 1.964561e-42
2.500000e+01 2.035439e-42
2.600000e+01 2.105502e-42
2.700000e+01 2.174733e-42
2.800000e+01 2.243119e-42
2.900000e+01 2.310644e-42
3.000000e+01 2.377300e-42
3.100000e+01 2.443075e-42
3.200000e+01 2.507958e-42
3.300000e+01 2.571936e-42
3.400000e+01 2.635000e-42
3.500000e+01 2.697143e-42
3.600000e+01 2.758356e-42
3.700000e+01 2.818632e-42
3.800000e+01 2.877964e-42
3.900000e+01 2.936343e-42
4.000000e+01 2.993767e-42
4.100000e+01 3.050229e-42
4.200000e+01 3.105731e-42
4.300000e+01 3.160263e-42
4.400000e+01 3.213821e-42
4.500000e+01 3.266411e-42
4.600000e+01 3.318025e-42
4.700000e+01 3.368662e-42
4.800000e+01 3.418328e-42
4.900000e+01 3.467019e-42
5.000000e+01 3.514737e-42
5.100000e+01 3.561485e-42
5.200000e+01 3.607263e-42
5.300000e+01 3.652076e-42
5.400000e+01 3.695926e-42
5.500000e+01 3.738810e-42
5.600000e+01 3.780745e-42
5.700000e+01 3.821728e-42
5.800000e+01 3.861764e-42
5.900000e+01 3.900860e-42
6.000000e+01 3.939020e-42
6.100000e+01 3.976254e-42
6.200000e+01 4.012565e-42
6.300000e+01 4.047957e-42
6.400000e+01 4.082442e-42
6.500000e+01 4.116024e-42
6.600000e+01 4.148712e-42
6.700000e+01 4.180515e-42
6.800000e+01 4.211439e-42
6.900000e+01 4.241494e-42
7.000000e+01 4.270683e-42
7.100000e+01 4.299015e-42
7.200000e+01 4.326504e-42
7.300000e+01 4.353158e-42
7.400000e+01 4.378980e-42
7.500000e+01 4.403982e-42
7.600000e+01 4.428176e-42
7.700000e+01 4.451566e-42
7.800000e+01 4.474161e-42
7.900000e+01 4.495973e-42
8.000000e+01 4.517010e-42
8.100000e+01 4.537279e-42
8.200000e+01 4.556790e-42
8.300000e+01 4.575552e-42
8.400000e+01 4.593576e-42
8.500000e+01 4.610867e-42
8.600000e+01 4.627435e-42
8.700000e+01 4.643289e-42
8.800000e+01 4.658441e-42
8.900000e+01 4.672900e-42
9.000000e+01 4.686668e-42
9.100000e+01 4.699753e-42
9.200000e+01 4.712169e-42
9.300000e+01 4.723928e-42
9.400000e+01 4.735032e-42
9.500000e+01 4.745490e-42
9.600000e+01 4.755311e-42
9.700000e+01 4.764501e-42
9.800000e+01 4.773072e-42
9.900000e+01 4.781035e-42
1.000000e+02 4.788394e-42
