2.000000e+00 7.574806e-19
3.000000e+00 1.047696e-18
4.000000e+00 1.334498e-18
5.000000e+00 1.618421e-18
6.000000e+00 1.899747e-18
7.000000e+00 2.178629e-18
8.000000e+00 2.455143e-18
9.000000e+00 2.729317e-18
1.000000e+01 3.001150e-18
1.100000e+01 3.270612e-18
1.200000e+01 3.537638e-18
1.300000e+01 3.802214e-18
1.400000e+01 4.064267e-18
1.500000e+01 4.323774e-18
1.600000e+01 4.580642e-18
1.700000e+01 4.834822e-18
1.800000e+01 5.086263e-18
1.900000e+01 5.334879e-18
2.000000e+01 5.580616e-18
2.100000e+01 5.823437e-18
2.200000e+01 6.063270e-18
2.300000e+01 6.300059e-18
2.400000e+01 6.533766e-18
2.500000e+01 6.764331e-18
2.600000e+01 6.991728e-18
2.700000e+01 7.215905e-18
2.800000e+01 7.436827e-18
2.900000e+01 7.654462e-18
3.000000e+01 7.868789e-18
3.100000e+01 8.079779e-18
3.200000e+01 8.287417e-18
3.300000e+01 8.491671e-18
3.400000e+01 8.692539e-18
3.500000e+01 8.890009e-18
3.600000e+01 9.084076e-18
3.700000e+01 9.274735e-18
3.800000e+01 9.461980e-18
3.900000e+01 9.645818e-18
4.000000e+01 9.826256e-18
4.100000e+01 1.000331e-17
4.200000e+01 1.017698e-17
4.300000e+01 1.034728e-17
4.400000e+01 1.051424e-17
4.500000e+01 1.067785e-17
4.600000e+01 1.083815e-17
4.700000e+01 1.099517e-17
4.800000e+01 1.114893e-17
4.900000e+01 1.129944e-17
5.000000e+01 1.144674e-17
5.100000e+01 1.159086e-17
5.200000e+01 1.173182e-17
5.300000e+01 1.186965e-17
5.400000e+01 1.200438e-17
5.500000e+01 1.213607e-17
5.600000e+01 1.226472e-17
5.700000e+01 1.239037e-17
5.800000e+01 1.251305e-17
5.900000e+01 1.263281e-17
6.000000e+01 1.274968e-17
6.100000e+01 1.286369e-17
6.200000e+01 1.297486e-17
6.300000e+01 1.308324e-17
6.400000e+01 1.318886e-17
6.500000e+01 1.329176e-17
6.600000e+01 1.339196e-17
6.700000e+01 1.348952e-17
6.800000e+01 1.358444e-17
6.900000e+01 1.367675e-17
7.000000e+01 1.376651e-17
7.100000e+01 1.385375e-17
7.200000e+01 1.393848e-17
7.300000e+01 1.402075e-17
7.400000e+01 1.410059e-17
7.500000e+01 1.417800e-17
7.600000e+01 1.425304e-17
7.700000e+01 1.432573e-17
7.800000e+01 1.439611e-17
7.900000e+01 1.446419e-17
8.000000e+01 1.453000e-17
8.100000e+01 1.459357e-17
8.200000e+01 1.465493e-17
8.300000e+01 1.471410e-17
8.400000e+01 1.477111e-17
8.500000e+01 1.482599e-17
8.600000e+01 1.487876e-17
8.700000e+01 1.492945e-17
8.800000e+01 1.497807e-17
8.900000e+01 1.502464e-17
9.000000e+01 1.506921e-17
9.100000e+01 1.511180e-17
9.200000e+01 1.515241e-17
9.300000e+01 1.519109e-17
9.400000e+01 1.522783e-17
9.500000e+01 1.526268e-17
9.600000e+01 1.529566e-17
9.700000e+01 1.532680e-17
9.800000e+01 1.535609e-17
9.900000e+01 1.538355e-17
1.000000e+02 1.540925e-17
