2.000000e+00 7.632598e-15
3.000000e+00 1.055771e-14
4.000000e+00 1.344923e-14
5.000000e+00 1.631273e-14
6.000000e+00 1.915128e-14
7.000000e+00 2.196659e-14
8.000000e+00 2.475963e-14
9.000000e+00 2.753086e-14
1.000000e+01 3.028042e-14
1.100000e+01 3.300822e-14
1.200000e+01 3.571369e-14
1.300000e+01 3.839680e-14
1.400000e+01 4.105694e-14
1.500000e+01 4.369398e-14
1.600000e+01 4.630719e-14
1.700000e+01 4.889596e-14
1.800000e+01 5.145996e-14
1.900000e+01 5.399843e-14
2.000000e+01 5.651071e-14
2.100000e+01 5.899645e-14
2.200000e+01 6.145513e-14
2.300000e+01 6.388591e-14
2.400000e+01 6.628858e-14
2.500000e+01 6.866237e-14
2.600000e+01 7.100706e-14
2.700000e+01 7.332201e-14
2.800000e+01 7.560683e-14
2.900000e+01 7.786102e-14
3.000000e+01 8.008439e-14
3.100000e+01 8.227643e-14
3.200000e+01 8.443694e-14
3.300000e+01 8.656548e-14
3.400000e+01 8.866177e-14
3.500000e+01 9.072569e-14
3.600000e+01 9.275695e-14
3.700000e+01 9.475541e-14
3.800000e+01 9.672085e-14
3.900000e+01 9.865312e-14
4.000000e+01 1.005522e-13
4.100000e+01 1.024179e-13
4.200000e+01 1.042503e-13
4.300000e+01 1.060493e-13
4.400000e+01 1.078148e-13
4.500000e+01 1.095470e-13
4.600000e+01 1.112457e-13
4.700000e+01 1.129112e-13
4.800000e+01 1.145436e-13
4.900000e+01 1.161428e-13
5.000000e+01 1.177090e-13
5.100000e+01 1.192425e-13
5.200000e+01 1.207432e-13
5.300000e+01 1.222115e-13
5.400000e+01 1.236474e-13
5.500000e+01 1.250511e-13
5.600000e+01 1.264231e-13
5.700000e+01 1.277634e-13
5.800000e+01 1.290722e-13
5.900000e+01 1.303498e-13
6.000000e+01 1.315965e-13
6.100000e+01 1.328127e-13
6.200000e+01 1.339984e-13
6.300000e+01 1.351540e-13
6.400000e+01 1.362798e-13
6.500000e+01 1.373762e-13
6.600000e+01 1.384433e-13
6.700000e+01 1.394816e-13
6.800000e+01 1.404913e-13
6.900000e+01 1.414727e-13
7.000000e+01 1.424259e-13
7.100000e+01 1.433516e-13
7.200000e+01 1.442500e-13
7.300000e+01 1.451213e-13
7.400000e+01 1.459659e-13
7.500000e+01 1.467841e-13
7.600000e+01 1.475763e-13
7.700000e+01 1.483426e-13
7.800000e+01 1.490834e-13
7.900000e+01 1.497991e-13
8.000000e+01 1.504899e-13
8.100000e+01 1.511561e-13
8.200000e+01 1.517981e-13
8.300000e+01 1.524161e-13
8.400000e+01 1.530104e-13
8.500000e+01 1.535814e-13
8.600000e+01 1.541292e-13
8.700000e+01 1.546542e-13
8.800000e+01 1.551569e-13
8.900000e+01 1.556372e-13
9.000000e+01 1.560954e-13
9.100000e+01 1.565320e-13
9.200000e+01 1.569472e-13
9.300000e+01 1.573413e-13
9.400000e+01 1.577144e-13
9.500000e+01 1.580669e-13
9.600000e+01 1.583990e-13
9.700000e+01 1.587109e-13
9.800000e+01 1.590031e-13
9.900000e+01 1.592757e-13
1.000000e+02 1.595288e-13
