2.000000e+00 6.714302e-14 6.497734e-14
3.000000e+00 4.782584e-14 4.627136e-14
4.000000e+00 3.728995e-14 3.606557e-14
5.000000e+00 3.070955e-14 2.968963e-14
6.000000e+00 2.624324e-14 2.535961e-14
7.000000e+00 2.303739e-14 2.225077e-14
8.000000e+00 2.064212e-14 1.992644e-14
9.000000e+00 1.879818e-14 1.813611e-14
1.000000e+01 1.734530e-14 1.672460e-14
1.100000e+01 1.618004e-14 1.559186e-14
1.200000e+01 1.523129e-14 1.466902e-14
1.300000e+01 1.444962e-14 1.390821e-14
1.400000e+01 1.379902e-14 1.327489e-14
1.500000e+01 1.325311e-14 1.274320e-14
1.600000e+01 1.279144e-14 1.229345e-14
1.700000e+01 1.239877e-14 1.191085e-14
1.800000e+01 1.206299e-14 1.158389e-14
1.900000e+01 1.177440e-14 1.130297e-14
2.000000e+01 1.152508e-14 1.106061e-14
2.100000e+01 1.130865e-14 1.085088e-14
2.200000e+01 1.111989e-14 1.066815e-14
2.300000e+01 1.095447e-14 1.050836e-14
2.400000e+01 1.080865e-14 1.036819e-14
2.500000e+01 1.067931e-14 1.024474e-14
2.600000e+01 1.056393e-14 1.013495e-14
2.700000e+01 1.046014e-14 1.003710e-14
2.800000e+01 1.036605e-14 9.949204e-15
2.900000e+01 1.028004e-14 9.869450e-15
3.000000e+01 1.020062e-14 9.796618e-15
3.100000e+01 1.012654e-14 9.729565e-15
3.200000e+01 1.005663e-14 9.666820e-15
3.300000e+01 9.989976e-15 9.607943e-15
3.400000e+01 9.925712e-15 9.551709e-15
3.500000e+01 9.863121e-15 9.497534e-15
3.600000e+01 9.801544e-15 9.444654e-15
3.700000e+01 9.740366e-15 9.392793e-15
3.800000e+01 9.679109e-15 9.340933e-15
3.900000e+01 9.617385e-15 9.289350e-15
4.000000e+01 9.554774e-15 9.237146e-15
4.100000e+01 9.490863e-15 9.183919e-15
4.200000e+01 9.425446e-15 9.129636e-15
4.300000e+01 9.358270e-15 9.074025e-15
4.400000e+01 9.289091e-15 9.016445e-15
4.500000e+01 9.217743e-15 8.957323e-15
4.600000e+01 9.144079e-15 8.896051e-15
4.700000e+01 9.067971e-15 8.832535e-15
4.800000e+01 8.989356e-15 8.766756e-15
4.900000e+01 8.908157e-15 8.698652e-15
5.000000e+01 8.824278e-15 8.628028e-15
5.100000e+01 8.737698e-15 8.554761e-15
5.200000e+01 8.648434e-15 8.479020e-15
5.300000e+01 8.556495e-15 8.400780e-15
5.400000e+01 8.461884e-15 8.319782e-15
5.500000e+01 8.364595e-15 8.236271e-15
5.600000e+01 8.264696e-15 8.150175e-15
5.700000e+01 8.162298e-15 8.061445e-15
5.800000e+01 8.057430e-15 7.970165e-15
5.900000e+01 7.950144e-15 7.876440e-15
6.000000e+01 7.840566e-15 7.780375e-15
6.100000e+01 7.728779e-15 7.681930e-15
6.200000e+01 7.614858e-15 7.581283e-15
6.300000e+01 7.498948e-15 7.478458e-15
6.400000e+01 7.381150e-15 7.373489e-15
6.500000e+01 7.261572e-15 7.266381e-15
6.600000e+01 7.140365e-15 7.157432e-15
6.700000e+01 7.017635e-15 7.046772e-15
6.800000e+01 6.893509e-15 6.934144e-15
6.900000e+01 6.768109e-15 6.820249e-15
7.000000e+01 6.641606e-15 6.704577e-15
7.100000e+01 6.514125e-15 6.587804e-15
7.200000e+01 6.385783e-15 6.469649e-15
7.300000e+01 6.256739e-15 6.350245e-15
7.400000e+01 6.127128e-15 6.230099e-15
7.500000e+01 5.997087e-15 6.108998e-15
7.600000e+01 5.866751e-15 5.987093e-15
7.700000e+01 5.736253e-15 5.864536e-15
7.800000e+01 5.605723e-15 5.741460e-15
7.900000e+01 5.475307e-15 5.618017e-15
8.000000e+01 5.345142e-15 5.494351e-15
8.100000e+01 5.215344e-15 5.370565e-15
8.200000e+01 5.086034e-15 5.246772e-15
8.300000e+01 4.957341e-15 5.123091e-15
8.400000e+01 4.829387e-15 4.999629e-15
8.500000e+01 4.702294e-15 4.876496e-15
8.600000e+01 4.576169e-15 4.753786e-15
8.700000e+01 4.451118e-15 4.631590e-15
8.800000e+01 4.327245e-15 4.510199e-15
8.900000e+01 4.204655e-15 4.389567e-15
9.000000e+01 4.083446e-15 4.269737e-15
9.100000e+01 3.963709e-15 4.150932e-15
9.200000e+01 3.845535e-15 4.033262e-15
9.300000e+01 3.729006e-15 3.916636e-15
9.400000e+01 3.614200e-15 3.801435e-15
9.500000e+01 3.501189e-15 3.687464e-15
9.600000e+01 3.390044e-15 3.575000e-15
9.700000e+01 3.280831e-15 3.463979e-15
9.800000e+01 3.173607e-15 3.354611e-15
9.900000e+01 3.068429e-15 3.246796e-15
1.000000e+02 2.965350e-15 3.140837e-15
1.010000e+02 2.864413e-15 3.036554e-15
1.020000e+02 2.765658e-15 2.934167e-15
1.030000e+02 2.669124e-15 2.833682e-15
1.040000e+02 2.574836e-15 2.735075e-15
1.050000e+02 2.482822e-15 2.638520e-15
1.060000e+02 2.393089e-15 2.543998e-15
1.070000e+02 2.305672e-15 2.451463e-15
1.080000e+02 2.220654e-15 2.361094e-15
1.090000e+02 2.137969e-15 2.272945e-15
1.100000e+02 2.057603e-15 2.186893e-15
1.110000e+02 1.979589e-15 2.103026e-15
1.120000e+02 1.903907e-15 2.021311e-15
1.130000e+02 1.830586e-15 1.941826e-15
1.140000e+02 1.759603e-15 1.864572e-15
1.150000e+02 1.690939e-15 1.789551e-15
1.160000e+02 1.624581e-15 1.716795e-15
1.170000e+02 1.560495e-15 1.646251e-15
1.180000e+02 1.498666e-15 1.577918e-15
1.190000e+02 1.439084e-15 1.511819e-15
1.200000e+02 1.381723e-15 1.447946e-15
1.210000e+02 1.326537e-15 1.386275e-15
1.220000e+02 1.273479e-15 1.326757e-15
1.230000e+02 1.222528e-15 1.269394e-15
1.240000e+02 1.173656e-15 1.214186e-15
1.250000e+02 1.126820e-15 1.161089e-15
1.260000e+02 1.081981e-15 1.110100e-15
1.270000e+02 1.039093e-15 1.061181e-15
1.280000e+02 9.981098e-16 1.014291e-15
1.300000e+02 9.216749e-16 9.264567e-16
1.310000e+02 8.861241e-16 8.854327e-16
1.320000e+02 8.522933e-16 8.462929e-16
1.330000e+02 8.201334e-16 8.090093e-16
1.340000e+02 7.895861e-16 7.735410e-16
1.350000e+02 7.606039e-16 7.398267e-16
1.360000e+02 7.331368e-16 7.078223e-16
1.370000e+02 7.071336e-16 6.774834e-16
1.380000e+02 6.825443e-16 6.487876e-16
1.390000e+02 6.593149e-16 6.216709e-16
1.400000e+02 6.373940e-16 5.960808e-16
1.410000e+02 6.167289e-16 5.719559e-16
1.420000e+02 5.972715e-16 5.492932e-16
1.430000e+02 5.789703e-16 5.280065e-16
1.450000e+02 5.456330e-16 4.893904e-16
1.460000e+02 5.304978e-16 4.719628e-16
1.470000e+02 5.163218e-16 4.557074e-16
1.480000e+02 5.030569e-16 4.406099e-16
1.490000e+02 4.906569e-16 4.265941e-16
1.500000e+02 4.790766e-16 4.136187e-16
1.520000e+02 4.581950e-16 3.906021e-16
1.530000e+02 4.488073e-16 3.804745e-16
1.540000e+02 4.400659e-16 3.711875e-16
1.550000e+02 4.319310e-16 3.627102e-16
1.560000e+02 4.243623e-16 3.549948e-16
1.580000e+02 4.107810e-16 3.416679e-16
1.590000e+02 4.046940e-16 3.359728e-16
1.600000e+02 3.990298e-16 3.308737e-16
1.610000e+02 3.937569e-16 3.263157e-16
1.630000e+02 3.842590e-16 3.187046e-16
1.640000e+02 3.799754e-16 3.155747e-16
1.650000e+02 3.759654e-16 3.128411e-16
1.670000e+02 3.686615e-16 3.084469e-16
1.680000e+02 3.653192e-16 3.067132e-16
1.690000e+02 3.621527e-16 3.052559e-16
1.700000e+02 3.591416e-16 3.040289e-16
1.720000e+02 3.535059e-16 3.022034e-16
1.730000e+02 3.508458e-16 3.015409e-16
1.750000e+02 3.457610e-16 3.005988e-16
1.760000e+02 3.433068e-16 3.002821e-16
1.770000e+02 3.408933e-16 3.000302e-16
1.790000e+02 3.361427e-16 2.996558e-16
1.800000e+02 3.337852e-16 2.995020e-16
1.820000e+02 3.290588e-16 2.991744e-16
1.830000e+02 3.266754e-16 2.989744e-16
1.840000e+02 3.242699e-16 2.987274e-16
1.860000e+02 3.193716e-16 2.980867e-16
1.870000e+02 3.168692e-16 2.976529e-16
1.890000e+02 3.117411e-16 2.965533e-16
1.900000e+02 3.091099e-16 2.958596e-16
1.920000e+02 3.037050e-16 2.941713e-16
1.930000e+02 3.009300e-16 2.931678e-16
1.950000e+02 2.952336e-16 2.908140e-16
1.960000e+02 2.923146e-16 2.894717e-16
1.980000e+02 2.863364e-16 2.864266e-16
1.990000e+02 2.832816e-16 2.847256e-16
2.010000e+02 2.770472e-16 2.809824e-16
2.030000e+02 2.706653e-16 2.767868e-16
2.040000e+02 2.674253e-16 2.745209e-16
2.060000e+02 2.608591e-16 2.696807e-16
2.070000e+02 2.575401e-16 2.671123e-16
2.090000e+02 2.508463e-16 2.616950e-16
2.110000e+02 2.440991e-16 2.559292e-16
2.120000e+02 2.407129e-16 2.529350e-16
2.140000e+02 2.339302e-16 2.467326e-16
2.160000e+02 2.271566e-16 2.402823e-16
2.170000e+02 2.237815e-16 2.369787e-16
2.190000e+02 2.170668e-16 2.302386e-16
2.210000e+02 2.104194e-16 2.233621e-16
2.230000e+02 2.038587e-16 2.163884e-16
2.240000e+02 2.006172e-16 2.128773e-16
2.260000e+02 1.942225e-16 2.058306e-16
2.280000e+02 1.879573e-16 1.987834e-16
2.300000e+02 1.818364e-16 1.917700e-16
2.320000e+02 1.758707e-16 1.848258e-16
2.330000e+02 1.729492e-16 1.813886e-16
2.350000e+02 1.672342e-16 1.746020e-16
2.370000e+02 1.616951e-16 1.679547e-16
2.390000e+02 1.563367e-16 1.614708e-16
2.410000e+02 1.511618e-16 1.551678e-16
2.430000e+02 1.461721e-16 1.490661e-16
2.450000e+02 1.413677e-16 1.431749e-16
2.470000e+02 1.367475e-16 1.375102e-16
2.490000e+02 1.323087e-16 1.320781e-16
2.500000e+02 1.301563e-16 1.294506e-16
2.520000e+02 1.259828e-16 1.243772e-16
2.540000e+02 1.219803e-16 1.195452e-16
2.560000e+02 1.181434e-16 1.149553e-16
2.580000e+02 1.144663e-16 1.106052e-16
2.610000e+02 1.092356e-16 1.045198e-16
2.630000e+02 1.059288e-16 1.007483e-16
2.650000e+02 1.027582e-16 9.719858e-17
2.670000e+02 9.971693e-17 9.385959e-17
2.690000e+02 9.679787e-17 9.072105e-17
2.710000e+02 9.399458e-17 8.777380e-17
2.730000e+02 9.130023e-17 8.500700e-17
2.750000e+02 8.870867e-17 8.241250e-17
2.770000e+02 8.621336e-17 7.997597e-17
2.800000e+02 8.263881e-17 7.659176e-17
2.820000e+02 8.036002e-17 7.450368e-17
2.840000e+02 7.815881e-17 7.253480e-17
2.860000e+02 7.603079e-17 7.067412e-17
2.880000e+02 7.397190e-17 6.891466e-17
2.910000e+02 7.100424e-17 6.644107e-17
2.930000e+02 6.910108e-17 6.488789e-17
2.950000e+02 6.725449e-17 6.340535e-17
2.980000e+02 6.458508e-17 6.129031e-17
3.000000e+02 6.286909e-17 5.994644e-17
3.020000e+02 6.120133e-17 5.864630e-17
3.050000e+02 5.878603e-17 5.676709e-17
3.070000e+02 5.723111e-17 5.555505e-17
3.100000e+02 5.497862e-17 5.378816e-17
3.120000e+02 5.352866e-17 5.263989e-17
3.140000e+02 5.211851e-17 5.151198e-17
3.170000e+02 5.007606e-17 4.985187e-17
3.190000e+02 4.876208e-17 4.876608e-17
3.220000e+02 4.686028e-17 4.716114e-17
3.250000e+02 4.504022e-17 4.558477e-17
3.270000e+02 4.387135e-17 4.455073e-17
3.300000e+02 4.218372e-17 4.302034e-17
3.320000e+02 4.110127e-17 4.201503e-17
3.350000e+02 3.953995e-17 4.052916e-17
3.370000e+02 3.854043e-17 3.955671e-17
3.400000e+02 3.710143e-17 3.812026e-17
3.430000e+02 3.573363e-17 3.671713e-17
3.460000e+02 3.443494e-17 3.534877e-17
3.480000e+02 3.360661e-17 3.445896e-17
3.510000e+02 3.241844e-17 3.315231e-17
3.540000e+02 3.129500e-17 3.189133e-17
3.570000e+02 3.023330e-17 3.067319e-17
3.590000e+02 2.955859e-17 2.988456e-17
3.620000e+02 2.859456e-17 2.874304e-17
3.650000e+02 2.768669e-17 2.765104e-17
3.680000e+02 2.683224e-17 2.660950e-17
3.710000e+02 2.602901e-17 2.561911e-17
3.740000e+02 2.527475e-17 2.468236e-17
3.770000e+02 2.456702e-17 2.379902e-17
3.800000e+02 2.390375e-17 2.296982e-17
3.830000e+02 2.328248e-17 2.219495e-17
3.860000e+02 2.270094e-17 2.147493e-17
3.890000e+02 2.215700e-17 2.080850e-17
3.920000e+02 2.164849e-17 2.019619e-17
3.950000e+02 2.117327e-17 1.963666e-17
3.980000e+02 2.072937e-17 1.912946e-17
4.010000e+02 2.031483e-17 1.867299e-17
4.040000e+02 1.992760e-17 1.826523e-17
4.070000e+02 1.956592e-17 1.790469e-17
4.110000e+02 1.912051e-17 1.749411e-17
4.140000e+02 1.881183e-17 1.723533e-17
4.170000e+02 1.852324e-17 1.701537e-17
4.200000e+02 1.825334e-17 1.683266e-17
4.240000e+02 1.792007e-17 1.663910e-17
4.270000e+02 1.768847e-17 1.652850e-17
4.300000e+02 1.747127e-17 1.644272e-17
4.340000e+02 1.720219e-17 1.636079e-17
4.370000e+02 1.701439e-17 1.631862e-17
4.410000e+02 1.678106e-17 1.628115e-17
4.440000e+02 1.661771e-17 1.626169e-17
4.480000e+02 1.641402e-17 1.624101e-17
4.510000e+02 1.627093e-17 1.622430e-17
4.550000e+02 1.609173e-17 1.619457e-17
4.580000e+02 1.596531e-17 1.616344e-17
4.620000e+02 1.580620e-17 1.610424e-17
4.650000e+02 1.569331e-17 1.604440e-17
4.690000e+02 1.555077e-17 1.594174e-17
4.730000e+02 1.541591e-17 1.581091e-17
4.770000e+02 1.528764e-17 1.565149e-17
4.800000e+02 1.519532e-17 1.551365e-17
4.840000e+02 1.507647e-17 1.530814e-17
4.880000e+02 1.496149e-17 1.508109e-17
4.920000e+02 1.484952e-17 1.483799e-17
4.960000e+02 1.473971e-17 1.458542e-17
5.000000e+02 1.463116e-17 1.433043e-17
5.030000e+02 1.455001e-17 1.414187e-17
5.070000e+02 1.444147e-17 1.389998e-17
5.110000e+02 1.433190e-17 1.367540e-17
5.150000e+02 1.422066e-17 1.347461e-17
5.190000e+02 1.410714e-17 1.330230e-17
5.240000e+02 1.396117e-17 1.313172e-17
5.280000e+02 1.384065e-17 1.303369e-17
5.320000e+02 1.371649e-17 1.296931e-17
5.360000e+02 1.358844e-17 1.293612e-17
5.400000e+02 1.345640e-17 1.292998e-17
5.440000e+02 1.332036e-17 1.294518e-17
5.490000e+02 1.314483e-17 1.298413e-17
5.530000e+02 1.300023e-17 1.302076e-17
5.570000e+02 1.285220e-17 1.305373e-17
5.620000e+02 1.266300e-17 1.307566e-17
5.660000e+02 1.250883e-17 1.306866e-17
5.710000e+02 1.231305e-17 1.301713e-17
5.750000e+02 1.215411e-17 1.293541e-17
5.800000e+02 1.195275e-17 1.277651e-17
5.840000e+02 1.178998e-17 1.260203e-17
5.890000e+02 1.158549e-17 1.232632e-17
5.940000e+02 1.138111e-17 1.199202e-17
5.980000e+02 1.121831e-17 1.168897e-17
6.030000e+02 1.101578e-17 1.127677e-17
6.080000e+02 1.081382e-17 1.084117e-17
6.120000e+02 1.065220e-17 1.048655e-17
6.170000e+02 1.044970e-17 1.004862e-17
6.220000e+02 1.024662e-17 9.631287e-18
6.270000e+02 1.004316e-17 9.248756e-18
6.320000e+02 9.839552e-18 8.912701e-18
6.370000e+02 9.635913e-18 8.630855e-18
6.420000e+02 9.432187e-18 8.405738e-18
6.470000e+02 9.228216e-18 8.234179e-18
6.520000e+02 9.023812e-18 8.108142e-18
6.570000e+02 8.818812e-18 8.017676e-18
6.620000e+02 8.613099e-18 7.952999e-18
6.680000e+02 8.365200e-18 7.898734e-18
6.730000e+02 8.157694e-18 7.866219e-18
6.780000e+02 7.949375e-18 7.839108e-18
6.830000e+02 7.740385e-18 7.809902e-18
6.890000e+02 7.489157e-18 7.756244e-18
6.940000e+02 7.280023e-18 7.679174e-18
7.000000e+02 7.030230e-18 7.526278e-18
7.050000e+02 6.823689e-18 7.337856e-18
7.110000e+02 6.578334e-18 7.037460e-18
7.160000e+02 6.376063e-18 6.737844e-18
7.220000e+02 6.135738e-18 6.348661e-18
7.280000e+02 5.897651e-18 5.963914e-18
7.330000e+02 5.700807e-18 5.670881e-18
7.390000e+02 5.466716e-18 5.369415e-18
7.450000e+02 5.235828e-18 5.123048e-18
7.510000e+02 5.009607e-18 4.918193e-18
7.570000e+02 4.789648e-18 4.735182e-18
7.630000e+02 4.577280e-18 4.555965e-18
7.690000e+02 4.373264e-18 4.370041e-18
7.750000e+02 4.177667e-18 4.176106e-18
7.810000e+02 3.990064e-18 3.978766e-18
7.870000e+02 3.809851e-18 3.784780e-18
7.930000e+02 3.636504e-18 3.600069e-18
7.990000e+02 3.469768e-18 3.427471e-18
8.060000e+02 3.283688e-18 3.241023e-18
8.120000e+02 3.131714e-18 3.092008e-18
8.180000e+02 2.986984e-18 2.950588e-18
8.250000e+02 2.827553e-18 2.793281e-18
8.310000e+02 2.699022e-18 2.664589e-18
8.380000e+02 2.558406e-18 2.522256e-18
8.450000e+02 2.427566e-18 2.389299e-18
8.510000e+02 2.322936e-18 2.283374e-18
8.580000e+02 2.209342e-18 2.169322e-18
8.650000e+02 2.104585e-18 2.065017e-18
8.710000e+02 2.021606e-18 1.982809e-18
8.780000e+02 1.932486e-18 1.894552e-18
8.850000e+02 1.851342e-18 1.814017e-18
8.920000e+02 1.777827e-18 1.740842e-18
8.990000e+02 1.711560e-18 1.674780e-18
9.060000e+02 1.652137e-18 1.615583e-18
9.130000e+02 1.599137e-18 1.562947e-18
9.210000e+02 1.545875e-18 1.510174e-18
9.280000e+02 1.505176e-18 1.469945e-18
9.350000e+02 1.469531e-18 1.434704e-18
9.420000e+02 1.438510e-18 1.404017e-18
9.500000e+02 1.408179e-18 1.374087e-18
9.570000e+02 1.385664e-18 1.352033e-18
9.650000e+02 1.364009e-18 1.331143e-18
9.720000e+02 1.348213e-18 1.316177e-18
9.800000e+02 1.333293e-18 1.302319e-18
9.880000e+02 1.321234e-18 1.291245e-18
9.960000e+02 1.311556e-18 1.282350e-18
1.003000e+03 1.304680e-18 1.276005e-18
1.011000e+03 1.298254e-18 1.270078e-18
1.019000e+03 1.292974e-18 1.265348e-18
1.027000e+03 1.288478e-18 1.261560e-18
1.035000e+03 1.284438e-18 1.258396e-18
1.044000e+03 1.280073e-18 1.255154e-18
1.052000e+03 1.276060e-18 1.252118e-18
1.060000e+03 1.271682e-18 1.248677e-18
1.068000e+03 1.266739e-18 1.244604e-18
1.077000e+03 1.260288e-18 1.239066e-18
1.085000e+03 1.253601e-18 1.233184e-18
1.094000e+03 1.244847e-18 1.225329e-18
1.102000e+03 1.235854e-18 1.217122e-18
1.111000e+03 1.224273e-18 1.206418e-18
1.120000e+03 1.211069e-18 1.194086e-18
1.129000e+03 1.196206e-18 1.180115e-18
1.137000e+03 1.181597e-18 1.166351e-18
1.146000e+03 1.163601e-18 1.149324e-18
1.155000e+03 1.143976e-18 1.130649e-18
1.164000e+03 1.122758e-18 1.110313e-18
1.174000e+03 1.097385e-18 1.085818e-18
1.183000e+03 1.073028e-18 1.062184e-18
1.192000e+03 1.047359e-18 1.037211e-18
1.202000e+03 1.017491e-18 1.008115e-18
1.211000e+03 9.895801e-19 9.808487e-19
1.221000e+03 9.576131e-19 9.495352e-19
1.230000e+03 9.281171e-19 9.205532e-19
1.240000e+03 8.946765e-19 8.875712e-19
1.250000e+03 8.606994e-19 8.539614e-19
1.259000e+03 8.298369e-19 8.233642e-19
1.269000e+03 7.954541e-19 7.892391e-19
1.279000e+03 7.612099e-19 7.552592e-19
1.289000e+03 7.273223e-19 7.216571e-19
1.299000e+03 6.939800e-19 6.885907e-19
1.310000e+03 6.581397e-19 6.529370e-19
1.320000e+03 6.265032e-19 6.213386e-19
1.330000e+03 5.959394e-19 5.907060e-19
1.341000e+03 5.637324e-19 5.583802e-19
1.351000e+03 5.358636e-19 5.304220e-19
1.362000e+03 5.068685e-19 5.013587e-19
1.373000e+03 4.797021e-19 4.741370e-19
1.384000e+03 4.544322e-19 4.488196e-19
1.394000e+03 4.331407e-19 4.275006e-19
1.405000e+03 4.115861e-19 4.059377e-19
1.416000e+03 3.919810e-19 3.863021e-19
1.428000e+03 3.727763e-19 3.669972e-19
1.439000e+03 3.571043e-19 3.512003e-19
1.450000e+03 3.432000e-19 3.372067e-19
1.462000e+03 3.299505e-19 3.239570e-19
1.473000e+03 3.194628e-19 3.135307e-19
1.485000e+03 3.096860e-19 3.038190e-19
1.496000e+03 3.020997e-19 2.962504e-19
1.508000e+03 2.951527e-19 2.893051e-19
1.520000e+03 2.894197e-19 2.836012e-19
1.532000e+03 2.847262e-19 2.790057e-19
1.544000e+03 2.809002e-19 2.753536e-19
1.556000e+03 2.777789e-19 2.724418e-19
1.568000e+03 2.752092e-19 2.700478e-19
1.581000e+03 2.728769e-19 2.678352e-19
1.593000e+03 2.709895e-19 2.660511e-19
1.606000e+03 2.690748e-19 2.643433e-19
1.618000e+03 2.672971e-19 2.628340e-19
1.631000e+03 2.652394e-19 2.610278e-19
1.644000e+03 2.629593e-19 2.588944e-19
1.657000e+03 2.603975e-19 2.564669e-19
1.670000e+03 2.574919e-19 2.537991e-19
1.683000e+03 2.541790e-19 2.508029e-19
1.696000e+03 2.504260e-19 2.473285e-19
1.709000e+03 2.462322e-19 2.433203e-19
1.723000e+03 2.412138e-19 2.384576e-19
1.736000e+03 2.360665e-19 2.334765e-19
1.750000e+03 2.300168e-19 2.276177e-19
1.764000e+03 2.235233e-19 2.212982e-19
1.778000e+03 2.166696e-19 2.146129e-19
1.792000e+03 2.095042e-19 2.076233e-19
1.806000e+03 2.020791e-19 2.003413e-19
1.820000e+03 1.944747e-19 1.928090e-19
1.834000e+03 1.867802e-19 1.851376e-19
1.849000e+03 1.785311e-19 1.769162e-19
1.863000e+03 1.709128e-19 1.693517e-19
1.878000e+03 1.629226e-19 1.614331e-19
1.893000e+03 1.551843e-19 1.537469e-19
1.908000e+03 1.477642e-19 1.463383e-19
1.923000e+03 1.407261e-19 1.392784e-19
1.938000e+03 1.341278e-19 1.326430e-19
1.953000e+03 1.280067e-19 1.264893e-19
1.968000e+03 1.223735e-19 1.208432e-19
1.984000e+03 1.169054e-19 1.153778e-19
1.999000e+03 1.122875e-19 1.107560e-19
2.015000e+03 1.078890e-19 1.063351e-19
2.031000e+03 1.040050e-19 1.024274e-19
2.047000e+03 1.006034e-19 9.902065e-20
2.063000e+03 9.764362e-20 9.607880e-20
2.079000e+03 9.507550e-20 9.354035e-20
2.096000e+03 9.271907e-20 9.120663e-20
2.112000e+03 9.079599e-20 8.929472e-20
2.129000e+03 8.900188e-20 8.753226e-20
2.145000e+03 8.749434e-20 8.608147e-20
2.162000e+03 8.603640e-20 8.468500e-20
2.179000e+03 8.467394e-20 8.337518e-20
2.196000e+03 8.335002e-20 8.210730e-20
2.214000e+03 8.194350e-20 8.076336e-20
2.231000e+03 8.058078e-20 7.945825e-20
2.249000e+03 7.906913e-20 7.801617e-20
2.266000e+03 7.755039e-20 7.656902e-20
2.284000e+03 7.583121e-20 7.491923e-20
2.302000e+03 7.399594e-20 7.314582e-20
2.320000e+03 7.205041e-20 7.125653e-20
2.339000e+03 6.988750e-20 6.914520e-20
2.357000e+03 6.775003e-20 6.704980e-20
2.375000e+03 6.554814e-20 6.488377e-20
2.394000e+03 6.318041e-20 6.254819e-20
2.413000e+03 6.079437e-20 6.018835e-20
2.432000e+03 5.842168e-20 5.783441e-20
2.451000e+03 5.609527e-20 5.552244e-20
2.470000e+03 5.383503e-20 5.327679e-20
2.490000e+03 5.154696e-20 5.099982e-20
2.509000e+03 4.948447e-20 4.894408e-20
2.529000e+03 4.744904e-20 4.690272e-20
2.549000e+03 4.556277e-20 4.499933e-20
2.569000e+03 4.383305e-20 4.327153e-20
2.589000e+03 4.226072e-20 4.171300e-20
2.610000e+03 4.077270e-20 4.022645e-20
2.630000e+03 3.950333e-20 3.895756e-20
2.651000e+03 3.831000e-20 3.777277e-20
2.672000e+03 3.724048e-20 3.671505e-20
2.693000e+03 3.627761e-20 3.576544e-20
2.714000e+03 3.539526e-20 3.489740e-20
2.735000e+03 3.457230e-20 3.409272e-20
2.757000e+03 3.375617e-20 3.329643e-20
2.778000e+03 3.300065e-20 3.255141e-20
2.800000e+03 3.222148e-20 3.178858e-20
2.822000e+03 3.144380e-20 3.103764e-20
2.844000e+03 3.065645e-20 3.027476e-20
2.867000e+03 2.982007e-20 2.946089e-20
2.889000e+03 2.900621e-20 2.866620e-20
2.912000e+03 2.813908e-20 2.781682e-20
2.935000e+03 2.725836e-20 2.695275e-20
2.958000e+03 2.636995e-20 2.607871e-20
2.981000e+03 2.548046e-20 2.520065e-20
3.005000e+03 2.456124e-20 2.429232e-20
3.028000e+03 2.369747e-20 2.343778e-20
3.052000e+03 2.282256e-20 2.256928e-20
3.076000e+03 2.198374e-20 2.173438e-20
3.100000e+03 2.118823e-20 2.094309e-20
3.125000e+03 2.040946e-20 2.016796e-20
3.149000e+03 1.971207e-20 1.947308e-20
3.174000e+03 1.903857e-20 1.880241e-20
3.199000e+03 1.841675e-20 1.818349e-20
3.224000e+03 1.784305e-20 1.761230e-20
3.250000e+03 1.728988e-20 1.706353e-20
3.275000e+03 1.679441e-20 1.657261e-20
3.301000e+03 1.631207e-20 1.609731e-20
3.327000e+03 1.585655e-20 1.564575e-20
3.353000e+03 1.542127e-20 1.522163e-20
3.379000e+03 1.500067e-20 1.481487e-20
3.406000e+03 1.457269e-20 1.439502e-20
3.433000e+03 1.415019e-20 1.397979e-20
3.460000e+03 1.373038e-20 1.356101e-20
3.487000e+03 1.331354e-20 1.315326e-20
3.514000e+03 1.290012e-20 1.274749e-20
3.542000e+03 1.247728e-20 1.233128e-20
3.570000e+03 1.206281e-20 1.192253e-20
3.598000e+03 1.165921e-20 1.152380e-20
3.626000e+03 1.126803e-20 1.113757e-20
3.655000e+03 1.087873e-20 1.075237e-20
3.683000e+03 1.051927e-20 1.039611e-20
3.712000e+03 1.016507e-20 1.004428e-20
3.742000e+03 9.817872e-21 9.699714e-21
3.771000e+03 9.501855e-21 9.385669e-21
3.801000e+03 9.193648e-21 9.080046e-21
3.831000e+03 8.903323e-21 8.792742e-21
3.861000e+03 8.628733e-21 8.521158e-21
3.891000e+03 8.367593e-21 8.263188e-21
3.922000e+03 8.109578e-21 8.008590e-21
3.953000e+03 7.861630e-21 7.764083e-21
3.984000e+03 7.622328e-21 7.528186e-21
4.015000e+03 7.390704e-21 7.299916e-21
4.047000e+03 7.158848e-21 7.071593e-21
4.078000e+03 6.940608e-21 6.856787e-21
4.110000e+03 6.721202e-21 6.640851e-21
4.143000e+03 6.500931e-21 6.423879e-21
4.175000e+03 6.293287e-21 6.218983e-21
4.208000e+03 6.085618e-21 6.013778e-21
4.241000e+03 5.885326e-21 5.815622e-21
4.275000e+03 5.687364e-21 5.619638e-21
4.308000e+03 5.503730e-21 5.437811e-21
4.342000e+03 5.323238e-21 5.259213e-21
4.376000e+03 5.151221e-21 5.089078e-21
4.411000e+03 4.982543e-21 4.922197e-21
4.445000e+03 4.826362e-21 4.767712e-21
4.480000e+03 4.673077e-21 4.616111e-21
4.515000e+03 4.526795e-21 4.471524e-21
4.551000e+03 4.382664e-21 4.329308e-21
4.587000e+03 4.244023e-21 4.192633e-21
4.623000e+03 4.110017e-21 4.060531e-21
4.659000e+03 3.980157e-21 3.932459e-21
4.696000e+03 3.850818e-21 3.804872e-21
4.733000e+03 3.725908e-21 3.681547e-21
4.770000e+03 3.605525e-21 3.562632e-21
4.807000e+03 3.489605e-21 3.448152e-21
4.845000e+03 3.375096e-21 3.335001e-21
4.883000e+03 3.265096e-21 3.226231e-21
4.922000e+03 3.156917e-21 3.119191e-21
4.960000e+03 3.056157e-21 3.019457e-21
4.999000e+03 2.957341e-21 2.921779e-21
